fwi_grid_demo/ffmc_20190127.txt
ncols 177
nrows 174
xllcorner  1436301.375
yllcorner    4916704.5
cellsize 1500
NODATA_value -9999
[rows 80 to 119 of 174, columns 0 to 90 of 177]
-9999 -9999 -9999 -9999 -9999 -9999 -9999 -9999 -9999 -9999 -9999 -9999 -9999 -9999 -9999 -9999 -9999 -9999 -9999 -9999 -9999 -9999 -9999 -9999 -9999 -9999 80 80 80 80 80 80 80 80 80 80 79 79 78 78 78 78 78 78 78 78 77 78 78 78 79 79 79 79 79 78 77 77 77 76 76 76 76 75 75 75 76 76 76 76 77 77 76 77 77 77 78 78 78 79 79 79 79 79 79 80 80 81 82 82 82
-9999 -9999 -9999 -9999 -9999 -9999 -9999 -9999 -9999 -9999 -9999 -9999 -9999 -9999 -9999 -9999 -9999 -9999 -9999 -9999 -9999 -9999 -9999 -9999 -9999 -9999 79 80 80 80 80 80 80 80 79 79 79 78 78 78 78 78 78 78 78 78 78 78 78 79 79 79 79 78 78 78 78 77 77 77 76 76 76 76 76 76 77 77 76 77 76 76 77 77 78 77 78 78 78 79 79 79 79 79 79 80 80 80 80 81 80
-9999 -9999 -9999 -9999 -9999 -9999 -9999 -9999 -9999 -9999 -9999 -9999 -9999 -9999 -9999 -9999 -9999 -9999 -9999 -9999 -9999 -9999 -9999 -9999 -9999 -9999 79 80 80 79 80 79 79 79 79 79 79 79 78 78 78 78 78 78 79 78 78 77 77 79 79 79 79 79 79 78 78 76 76 77 76 76 76 76 76 77 77 77 77 77 77 76 77 77 78 77 78 78 78 79 79 79 79 79 79 80 80 80 80 80 80
-9999 -9999 -9999 -9999 -9999 -9999 -9999 -9999 -9999 -9999 -9999 -9999 -9999 -9999 -9999 -9999 -9999 -9999 -9999 -9999 -9999 -9999 -9999 -9999 -9999 78 78 79 80 79 79 79 79 79 80 80 80 79 79 78 78 78 78 79 79 79 78 78 77 79 79 79 79 79 79 79 79 76 76 76 76 76 76 76 77 77 77 77 77 76 77 77 77 77 77 77 78 78 78 78 78 79 79 79 79 79 80 80 80 80 80
-9999 -9999 -9999 -9999 -9999 -9999 -9999 -9999 -9999 -9999 -9999 -9999 -9999 -9999 -9999 -9999 -9999 -9999 -9999 -9999 -9999 -9999 -9999 -9999 -9999 -9999 78 78 80 79 79 79 79 79 80 80 80 80 79 79 79 78 78 78 79 78 78 78 78 78 79 78 78 79 80 80 79 78 76 76 76 76 76 76 76 76 77 77 77 76 76 76 76 76 76 77 77 78 78 78 78 78 78 79 79 79 80 80 79 80 80
-9999 -9999 -9999 -9999 -9999 -9999 -9999 -9999 -9999 -9999 -9999 -9999 -9999 -9999 -9999 -9999 -9999 -9999 -9999 -9999 -9999 -9999 -9999 -9999 -9999 -9999 -9999 78 79 79 79 79 79 79 79 79 79 80 81 79 79 78 78 78 78 78 78 77 77 78 79 79 77 78 79 80 79 78 77 76 76 76 76 76 76 76 76 76 76 76 76 75 76 76 77 77 77 77 77 78 78 78 78 79 79 79 79 79 79 79 80
-9999 -9999 -9999 -9999 -9999 -9999 -9999 -9999 -9999 -9999 -9999 -9999 -9999 -9999 -9999 -9999 -9999 -9999 -9999 -9999 -9999 -9999 -9999 -9999 -9999 -9999 -9999 78 79 79 79 79 79 79 79 79 79 79 79 79 79 78 78 78 78 79 78 77 77 79 79 79 78 78 79 79 79 78 78 77 76 76 76 76 76 76 76 76 76 76 76 75 76 77 77 77 77 77 77 78 78 78 78 79 79 79 79 79 79 79 80
-9999 -9999 -9999 -9999 -9999 -9999 -9999 -9999 -9999 -9999 -9999 -9999 -9999 -9999 -9999 -9999 -9999 -9999 -9999 -9999 -9999 -9999 -9999 -9999 -9999 -9999 -9999 77 79 79 79 79 79 79 79 79 79 79 79 80 79 78 78 78 78 78 78 77 77 78 79 79 79 79 79 79 79 79 78 76 75 75 75 76 75 76 76 76 76 76 75 76 76 76 76 76 77 77 77 77 78 78 78 79 79 79 79 79 79 79 79
-9999 -9999 -9999 -9999 -9999 -9999 -9999 -9999 -9999 -9999 -9999 -9999 -9999 -9999 -9999 -9999 -9999 -9999 -9999 -9999 -9999 -9999 -9999 -9999 -9999 -9999 -9999 78 78 79 79 78 78 78 78 78 78 78 78 78 79 78 78 78 78 78 78 77 77 78 79 79 79 78 79 79 78 78 77 76 76 75 75 75 75 75 75 75 75 76 75 75 76 76 76 76 77 77 77 77 77 78 78 78 78 78 78 79 79 79 79
-9999 -9999 -9999 -9999 -9999 -9999 -9999 -9999 -9999 -9999 -9999 -9999 -9999 -9999 -9999 -9999 -9999 -9999 -9999 -9999 -9999 -9999 -9999 -9999 -9999 -9999 -9999 78 78 78 78 78 78 78 78 78 78 78 78 78 78 78 78 78 79 79 78 78 78 78 79 79 79 79 80 80 80 78 78 76 75 75 75 75 75 75 75 75 75 75 76 75 75 76 76 76 77 77 77 77 78 78 78 78 78 78 78 79 79 79 79
-9999 -9999 -9999 -9999 -9999 -9999 -9999 -9999 -9999 -9999 -9999 -9999 -9999 -9999 -9999 -9999 -9999 -9999 -9999 -9999 -9999 -9999 -9999 -9999 -9999 -9999 -9999 -9999 77 77 78 78 78 78 78 78 78 78 78 78 78 78 78 79 78 79 78 78 78 79 79 79 79 79 79 80 79 78 78 76 77 75 75 75 75 75 75 75 75 75 75 75 76 76 76 77 77 77 77 77 77 77 78 78 78 78 78 78 78 78 79
-9999 -9999 -9999 -9999 -9999 -9999 -9999 -9999 -9999 -9999 -9999 -9999 -9999 -9999 -9999 -9999 -9999 -9999 -9999 -9999 -9999 -9999 -9999 -9999 -9999 -9999 -9999 -9999 77 77 77 78 78 78 78 78 78 78 78 77 77 77 77 77 78 77 77 78 79 79 80 80 80 80 80 79 78 78 76 77 78 75 74 74 74 75 75 75 75 75 75 76 76 76 76 76 76 77 77 77 77 77 78 78 78 78 78 78 78 78 78
-9999 -9999 -9999 -9999 -9999 -9999 -9999 -9999 -9999 -9999 -9999 -9999 -9999 -9999 -9999 -9999 -9999 -9999 -9999 -9999 -9999 -9999 -9999 -9999 -9999 -9999 -9999 -9999 78 77 77 77 78 78 78 78 78 77 77 77 77 77 77 77 77 76 76 76 78 79 80 80 80 80 80 79 78 77 75 76 75 74 73 73 74 74 75 75 75 75 75 75 76 76 76 76 76 77 76 77 77 77 77 77 78 78 78 78 77 78 78
-9999 -9999 -9999 -9999 -9999 -9999 -9999 -9999 -9999 -9999 -9999 -9999 -9999 -9999 -9999 -9999 -9999 -9999 -9999 -9999 -9999 -9999 -9999 -9999 -9999 -9999 -9999 -9999 -9999 -9999 77 77 77 77 78 78 77 77 77 77 77 77 77 77 77 76 76 76 78 79 80 80 80 79 79 79 77 76 77 73 73 72 74 74 74 74 74 74 74 74 75 75 75 76 76 76 76 76 76 77 77 77 77 77 77 77 78 78 77 78 78
-9999 -9999 -9999 -9999 -9999 -9999 -9999 -9999 -9999 -9999 -9999 -9999 -9999 -9999 -9999 -9999 -9999 -9999 -9999 -9999 -9999 -9999 -9999 -9999 -9999 -9999 -9999 -9999 -9999 -9999 -9999 -9999 76 76 77 77 77 77 77 77 77 77 77 76 76 75 75 76 79 79 80 79 79 79 79 77 75 71 71 71 72 72 72 72 73 73 74 74 74 75 75 75 75 76 76 76 76 76 77 77 77 77 77 77 77 77 77 77 77 77 78
-9999 -9999 -9999 -9999 -9999 -9999 -9999 -9999 -9999 -9999 -9999 -9999 -9999 -9999 -9999 -9999 -9999 -9999 -9999 -9999 -9999 -9999 -9999 -9999 -9999 -9999 -9999 -9999 -9999 -9999 -9999 -9999 75 75 75 76 76 76 77 77 76 76 76 76 76 75 74 78 79 79 79 79 79 79 79 77 72 70 70 70 71 71 72 73 73 73 73 74 74 75 75 75 75 76 76 76 76 76 76 76 76 77 77 76 77 77 77 77 77 77 77
-9999 -9999 -9999 -9999 -9999 -9999 -9999 -9999 -9999 -9999 -9999 -9999 -9999 -9999 -9999 -9999 -9999 -9999 -9999 -9999 -9999 -9999 -9999 -9999 -9999 -9999 -9999 -9999 -9999 -9999 -9999 -9999 74 73 73 72 74 74 74 74 76 76 76 75 75 74 73 78 79 79 79 79 79 79 78 77 72 70 70 69 70 71 72 72 73 73 74 73 75 75 75 76 76 76 76 76 76 76 76 76 76 76 76 76 76 77 77 77 77 77 77
-9999 -9999 -9999 -9999 -9999 -9999 -9999 -9999 -9999 -9999 -9999 -9999 -9999 -9999 -9999 -9999 -9999 -9999 -9999 -9999 -9999 -9999 -9999 -9999 -9999 -9999 -9999 -9999 -9999 -9999 -9999 -9999 -9999 71 70 71 72 72 72 72 72 75 74 74 73 73 74 78 77 77 77 77 77 76 75 75 74 69 69 69 69 71 71 72 73 73 74 73 75 75 75 75 75 74 74 74 74 75 75 75 75 76 76 76 77 76 77 77 77 77 77
-9999 -9999 -9999 -9999 -9999 -9999 -9999 -9999 -9999 -9999 -9999 -9999 -9999 -9999 -9999 -9999 -9999 -9999 -9999 -9999 -9999 -9999 -9999 -9999 -9999 -9999 -9999 -9999 -9999 -9999 -9999 -9999 -9999 70 67 68 69 69 70 70 71 72 73 73 73 73 71 75 76 74 71 69 69 69 69 66 69 70 67 69 69 69 71 71 72 73 73 73 74 74 74 73 73 73 73 73 74 74 74 74 74 74 74 75 75 76 76 76 77 76 77
-9999 -9999 -9999 -9999 -9999 -9999 -9999 -9999 -9999 -9999 -9999 -9999 -9999 -9999 -9999 -9999 -9999 -9999 -9999 -9999 -9999 -9999 -9999 -9999 -9999 -9999 -9999 -9999 -9999 -9999 -9999 -9999 -9999 -9999 64 65 65 66 67 68 69 69 69 72 72 71 71 70 70 69 69 68 68 65 65 65 68 65 66 68 69 69 71 71 72 72 72 72 72 72 72 72 72 73 72 72 72 72 73 73 73 74 74 74 76 76 76 76 76 76 76
-9999 -9999 -9999 -9999 -9999 -9999 -9999 -9999 -9999 -9999 -9999 -9999 -9999 -9999 -9999 -9999 -9999 -9999 -9999 -9999 -9999 -9999 -9999 -9999 -9999 -9999 -9999 -9999 -9999 -9999 -9999 -9999 -9999 -9999 62 60 60 61 64 65 66 66 66 71 71 70 69 69 69 68 67 67 65 65 64 63 64 64 65 67 68 69 69 71 71 71 70 71 71 71 71 70 70 71 70 70 71 71 71 72 72 73 73 74 76 75 75 76 75 75 76
-9999 -9999 -9999 -9999 -9999 -9999 -9999 -9999 -9999 -9999 -9999 -9999 -9999 -9999 -9999 -9999 -9999 -9999 -9999 -9999 -9999 -9999 -9999 -9999 -9999 -9999 -9999 -9999 -9999 -9999 70 -9999 -9999 64 57 56 56 56 58 61 62 64 64 65 70 69 69 69 68 66 66 65 64 64 64 63 62 63 64 65 67 68 69 69 71 71 69 70 70 69 69 69 69 70 70 70 70 69 71 71 71 72 72 73 74 74 75 75 75 75 76
-9999 -9999 -9999 -9999 -9999 -9999 -9999 -9999 -9999 -9999 -9999 -9999 -9999 -9999 -9999 -9999 -9999 -9999 -9999 -9999 -9999 -9999 -9999 -9999 -9999 -9999 -9999 -9999 72 71 69 66 64 62 55 53 49 51 52 57 59 60 62 63 68 68 67 68 66 65 65 64 64 62 61 60 60 61 62 63 64 67 68 69 69 69 69 68 68 69 69 69 68 68 69 69 69 69 70 70 71 71 72 72 73 74 74 75 74 75 76
-9999 -9999 -9999 -9999 -9999 -9999 -9999 -9999 -9999 -9999 -9999 -9999 -9999 -9999 -9999 -9999 -9999 -9999 -9999 -9999 -9999 -9999 74 -9999 -9999 -9999 -9999 -9999 -9999 -9999 67 65 62 60 57 50 47 46 47 50 55 57 60 61 67 67 66 66 65 65 64 63 62 59 58 56 56 57 57 60 61 63 66 68 68 69 68 67 67 67 68 68 67 67 68 68 70 69 69 69 70 71 71 72 73 74 74 75 74 74 76
-9999 -9999 -9999 -9999 -9999 -9999 -9999 -9999 -9999 -9999 -9999 -9999 -9999 -9999 -9999 -9999 -9999 -9999 74 74 74 74 74 -9999 -9999 -9999 -9999 -9999 -9999 69 67 64 61 60 55 53 46 44 43 47 54 56 57 60 63 65 65 64 64 64 64 62 60 58 56 55 54 55 55 58 59 61 64 65 67 68 67 68 66 66 66 66 67 65 66 68 69 70 70 69 70 70 71 72 73 74 74 74 75 74 73
-9999 -9999 -9999 -9999 -9999 -9999 -9999 -9999 -9999 -9999 -9999 -9999 -9999 -9999 -9999 -9999 -9999 -9999 74 74 74 74 73 73 -9999 -9999 -9999 -9999 71 68 67 63 59 58 58 60 50 44 42 44 48 54 56 62 63 66 66 63 63 63 62 62 59 57 54 54 54 52 54 55 57 59 60 63 65 65 66 66 65 65 66 64 67 66 65 68 69 69 70 70 70 70 71 72 72 74 74 75 75 75 74
-9999 -9999 -9999 -9999 -9999 -9999 -9999 -9999 -9999 -9999 -9999 -9999 -9999 -9999 -9999 -9999 -9999 -9999 74 73 73 73 73 73 73 -9999 -9999 -9999 73 69 66 63 61 58 62 62 50 46 45 44 48 53 55 61 62 65 64 62 63 62 61 59 58 56 54 53 50 50 51 54 56 58 60 61 64 65 66 66 67 65 65 64 66 65 64 65 69 69 70 70 70 70 71 71 74 74 75 74 74 74 75
-9999 -9999 -9999 -9999 -9999 -9999 -9999 -9999 -9999 -9999 -9999 -9999 -9999 -9999 -9999 -9999 -9999 73 73 73 73 73 73 73 73 -9999 -9999 73 73 72 67 65 62 59 57 57 53 49 46 45 48 53 59 60 60 60 62 62 62 62 59 59 56 54 52 51 50 51 52 54 56 58 59 62 64 64 64 64 66 66 68 68 65 63 64 65 64 65 66 70 70 71 70 71 73 74 74 75 75 75 75
-9999 -9999 -9999 -9999 -9999 -9999 -9999 -9999 -9999 -9999 -9999 -9999 -9999 -9999 -9999 -9999 -9999 73 73 73 73 73 73 73 73 73 73 72 72 72 69 65 64 62 59 57 56 52 49 47 47 53 58 58 58 59 59 62 61 59 58 55 53 53 52 50 50 51 53 55 56 57 58 65 63 63 62 63 64 65 66 67 67 64 64 64 62 63 65 66 70 71 71 72 72 73 74 75 74 75 75
-9999 -9999 -9999 -9999 -9999 -9999 -9999 -9999 -9999 -9999 -9999 -9999 -9999 -9999 -9999 -9999 -9999 -9999 73 73 73 73 73 73 73 72 72 72 72 72 72 68 65 63 62 60 57 56 51 51 49 54 57 58 58 56 57 56 56 55 56 54 52 51 50 51 52 53 54 55 56 58 63 63 63 61 61 61 62 63 65 68 66 66 65 64 62 63 63 65 67 70 72 71 72 73 75 74 74 74 73
-9999 -9999 -9999 -9999 -9999 -9999 -9999 -9999 -9999 -9999 -9999 -9999 -9999 -9999 -9999 -9999 -9999 -9999 73 72 73 72 72 72 72 72 72 72 72 72 72 71 71 65 63 62 60 59 56 53 58 56 54 58 57 56 56 54 52 50 51 50 48 52 50 51 52 52 54 56 57 60 63 63 61 63 62 62 63 64 66 65 64 66 65 64 63 62 62 63 65 64 69 72 72 72 74 74 74 73 73
-9999 -9999 -9999 -9999 -9999 -9999 -9999 -9999 -9999 -9999 -9999 -9999 -9999 -9999 -9999 -9999 -9999 -9999 72 72 72 71 71 72 72 72 72 72 72 72 72 72 72 72 66 64 62 62 63 64 60 58 56 55 53 55 51 50 49 49 48 48 48 47 48 52 53 54 57 59 63 63 63 62 62 64 64 65 64 66 66 67 66 65 66 64 65 65 58 60 61 62 64 69 70 70 72 74 74 73 73
-9999 -9999 -9999 -9999 -9999 -9999 -9999 -9999 -9999 -9999 -9999 -9999 -9999 -9999 -9999 -9999 -9999 -9999 -9999 72 72 71 72 72 72 72 72 72 72 72 72 72 72 72 72 71 70 71 69 67 61 59 57 54 51 50 49 47 47 47 45 46 47 47 48 50 58 59 61 63 63 66 66 66 66 64 65 66 66 65 67 70 65 66 66 66 62 61 58 58 58 60 62 65 67 69 70 70 70 70 69
-9999 -9999 -9999 -9999 -9999 -9999 -9999 -9999 -9999 -9999 -9999 -9999 -9999 -9999 -9999 -9999 -9999 -9999 72 72 72 72 72 72 72 72 72 72 72 72 72 72 72 72 71 71 71 71 71 69 65 62 59 53 51 47 47 47 44 43 43 44 45 46 48 50 53 59 62 64 66 69 68 68 68 67 66 66 67 67 69 70 66 66 65 62 61 60 59 59 58 58 61 62 65 66 67 67 67 66 66
-9999 -9999 -9999 -9999 -9999 -9999 -9999 -9999 -9999 -9999 -9999 -9999 -9999 -9999 -9999 -9999 -9999 -9999 -9999 71 71 72 72 72 72 72 72 72 72 72 71 71 71 71 71 71 71 71 71 71 69 63 57 54 51 49 46 44 44 41 44 46 44 46 49 51 55 60 63 67 68 71 70 69 69 70 67 66 67 68 70 70 68 68 64 61 61 59 58 58 57 57 59 61 63 64 64 64 64 64 64
-9999 -9999 -9999 -9999 -9999 -9999 -9999 -9999 -9999 -9999 -9999 -9999 -9999 -9999 -9999 -9999 -9999 -9999 -9999 -9999 71 71 71 71 71 71 71 72 71 71 71 71 71 71 71 71 71 71 71 70 68 65 59 54 51 50 46 45 42 42 49 54 44 49 49 52 55 58 66 68 71 71 71 70 69 71 72 68 68 69 70 71 69 69 65 62 60 59 58 57 56 57 58 60 62 63 64 63 63 63 62
-9999 -9999 -9999 -9999 -9999 -9999 -9999 -9999 -9999 -9999 -9999 -9999 -9999 -9999 -9999 -9999 -9999 -9999 -9999 71 71 71 71 71 71 71 71 71 71 71 71 71 71 71 71 71 71 71 71 70 68 65 62 58 52 50 47 45 44 43 42 43 45 46 50 54 57 60 68 71 73 73 72 72 70 69 69 73 75 70 70 71 73 68 66 65 62 60 58 56 56 57 59 59 60 62 62 62 61 59 60
-9999 -9999 -9999 -9999 -9999 -9999 -9999 -9999 -9999 -9999 -9999 -9999 -9999 -9999 -9999 -9999 -9999 -9999 -9999 71 71 71 71 71 71 71 71 71 71 71 71 71 71 71 71 71 71 71 71 69 69 67 63 60 57 53 50 49 45 44 45 45 46 49 53 56 60 64 68 72 73 73 72 73 72 71 70 71 71 71 72 73 74 68 67 66 64 62 60 58 57 59 60 62 61 62 61 61 60 58 56
-9999 -9999 -9999 -9999 -9999 -9999 -9999 -9999 -9999 -9999 -9999 -9999 -9999 -9999 -9999 -9999 -9999 -9999 -9999 -9999 -9999 71 71 71 71 71 71 71 71 71 71 71 71 71 71 71 71 71 70 68 68 66 64 60 59 55 52 50 48 47 47 48 49 52 55 59 63 66 70 73 73 73 73 73 72 72 72 71 71 72 73 73 73 71 70 67 65 62 61 60 60 61 62 64 65 62 62 62 61 59 56
-9999 -9999 -9999 -9999 -9999 -9999 -9999 -9999 -9999 -9999 -9999 -9999 -9999 -9999 -9999 -9999 -9999 -9999 -9999 -9999 -9999 71 71 71 71 71 71 71 71 71 71 71 71 71 71 71 72 70 68 68 67 65 62 62 58 55 53 52 49 50 50 52 53 56 59 62 65 69 71 72 72 72 72 73 73 72 72 73 73 73 73 73 74 72 72 71 69 65 65 63 63 64 64 65 65 65 64 62 62 60 -9999
