data/fwi_grid_demo/dc_20190129.txt
ncols 177
nrows 174
xllcorner  1436301.375
yllcorner    4916704.5
cellsize 1500
NODATA_value -9999
[rows 39 to 77 of 174, columns 0 to 87 of 177]
-9999 -9999 -9999 -9999 -9999 -9999 -9999 -9999 -9999 -9999 -9999 -9999 -9999 -9999 -9999 -9999 -9999 -9999 -9999 -9999 -9999 -9999 -9999 -9999 -9999 -9999 -9999 -9999 -9999 -9999 -9999 -9999 -9999 -9999 -9999 -9999 -9999 -9999 -9999 -9999 -9999 -9999 -9999 -9999 -9999 -9999 -9999 -9999 -9999 -9999 -9999 -9999 -9999 -9999 -7557 -7557 4 1 4 2 -7557 1 7 8 8 17 13 8 1 -7557 -7557 -7557 -7557 -7557 4 5 2 7 -7557 -7557 -7557 -7557 -7557 -7557 -7557 -7557 3 3
-9999 -9999 -9999 -9999 -9999 -9999 -9999 -9999 -9999 -9999 -9999 -9999 -9999 -9999 -9999 -9999 -9999 -9999 -9999 -9999 -9999 -9999 -9999 -9999 -9999 -9999 -9999 -9999 -9999 -9999 -9999 -9999 -9999 -9999 -9999 -9999 -9999 -9999 -9999 -9999 -9999 -9999 -9999 -9999 -9999 -9999 -9999 -9999 -9999 -9999 -9999 -9999 -9999 -7557 4 -7557 -7557 3 12 6 2 1 1 2 18 13 12 13 7 3 -7557 -7557 -7557 2 4 8 5 9 8 13 8 -7557 4 4 -7557 2 2 4
-9999 -9999 -9999 -9999 -9999 -9999 -9999 -9999 -9999 -9999 -9999 -9999 -9999 -9999 -9999 -9999 -9999 -9999 -9999 -9999 -9999 -9999 -9999 -9999 -9999 -9999 -9999 -9999 -9999 -9999 -9999 -9999 -9999 -9999 -9999 -9999 -9999 -9999 -9999 -9999 -9999 -9999 -9999 -9999 -9999 -9999 -9999 -9999 -9999 -9999 -9999 -9999 -7557 -7557 8 8 7 4 13 15 7 11 14 15 17 15 14 6 -7557 -7557 -7557 -7557 -7557 6 7 9 11 13 12 13 10 10 8 8 6 7 7 5
-9999 -9999 -9999 -9999 -9999 -9999 -9999 -9999 -9999 -9999 -9999 -9999 -9999 -9999 -9999 -9999 -9999 -9999 -9999 -9999 -9999 -9999 -9999 -9999 -9999 -9999 -9999 -9999 -9999 -9999 -9999 -9999 -9999 -9999 -9999 -9999 -9999 -9999 -9999 -9999 -9999 -9999 -9999 -9999 -9999 -9999 -9999 -9999 -9999 -9999 -9999 -9999 -7557 3 10 12 13 12 15 18 13 20 14 19 17 15 7 6 6 5 -7557 -7557 6 6 11 12 15 14 13 14 15 15 11 12 11 10 10 7
-9999 -9999 -9999 -9999 -9999 -9999 -9999 -9999 -9999 -9999 -9999 -9999 -9999 -9999 -9999 -9999 -9999 -9999 -9999 -9999 -9999 -9999 -9999 -9999 -9999 -9999 -9999 -9999 -9999 -9999 -9999 -9999 -9999 -9999 -9999 -9999 -9999 -9999 -9999 -9999 -9999 -9999 -9999 -9999 -9999 -9999 -9999 -9999 -9999 -9999 -9999 -7557 -7557 7 9 14 20 19 13 19 18 16 18 19 18 15 15 12 13 11 8 8 10 11 11 12 13 14 13 15 13 12 11 10 10 9 9 8
-9999 -9999 -9999 -9999 -9999 -9999 -9999 -9999 -9999 -9999 -9999 -9999 -9999 -9999 -9999 -9999 -9999 -9999 -9999 -9999 -9999 -9999 -9999 -9999 -9999 -9999 -9999 -9999 -9999 -9999 -9999 -9999 -9999 -9999 -9999 -9999 -9999 -9999 -9999 -9999 -9999 -9999 -9999 -9999 -9999 -9999 -9999 -9999 -9999 -7557 -7557 15 -7557 -7557 -7557 4 10 16 15 14 18 18 23 21 20 14 14 12 12 12 12 12 14 14 11 14 10 5 3 4 11 12 12 9 9 8 7 7
-9999 -9999 -9999 -9999 -9999 -9999 -9999 -9999 -9999 -9999 -9999 -9999 -9999 -9999 -9999 -9999 -9999 -9999 -9999 -9999 -9999 -9999 -9999 -9999 -9999 -9999 -9999 -9999 -9999 -9999 -9999 -9999 -9999 -9999 -9999 -9999 -9999 -9999 -9999 -9999 -9999 -9999 -9999 -9999 -9999 -9999 -9999 -9999 -9999 -7557 1 12 8 13 12 14 15 15 15 15 20 22 28 25 11 16 16 13 13 10 12 13 15 13 11 11 6 5 5 1 9 11 11 8 9 9 8 7
-9999 -9999 -9999 -9999 -9999 -9999 -9999 -9999 -9999 -9999 -9999 -9999 -9999 -9999 -9999 -9999 -9999 -9999 -9999 -9999 -9999 -9999 -9999 -9999 -9999 -9999 -9999 -9999 -9999 -9999 -9999 -9999 -9999 -9999 -9999 -9999 -9999 -9999 -9999 -9999 -9999 -9999 -9999 -9999 -9999 -9999 -9999 -7557 4 3 -7557 -7557 1 2 5 5 11 16 19 18 19 26 22 13 7 8 7 3 3 5 7 9 10 7 6 6 4 4 3 -7557 9 10 7 9 6 9 8 3
-9999 -9999 -9999 -9999 -9999 -9999 -9999 -9999 -9999 -9999 -9999 -9999 -9999 -9999 -9999 -9999 -9999 -9999 -9999 -9999 -9999 -9999 -9999 -9999 -9999 -9999 -9999 -9999 31 -9999 -9999 -9999 -9999 -9999 -9999 -9999 -9999 -9999 -9999 -9999 -9999 -9999 -9999 -9999 -9999 -9999 -7557 9 12 15 -7557 4 -7557 -7557 6 8 16 17 18 18 10 8 15 7 2 4 6 4 2 2 3 8 8 8 3 4 2 4 3 -7557 -7557 10 10 2 2 7 7 -7557
-9999 -9999 -9999 -9999 -9999 -9999 -9999 -9999 -9999 -9999 -9999 -9999 -9999 -9999 -9999 -9999 -9999 -9999 -9999 -9999 -9999 -9999 -9999 -9999 -9999 -9999 -9999 -9999 31 33 30 -9999 3 -9999 -9999 -9999 -9999 -9999 -9999 -9999 -9999 -9999 -9999 -9999 -9999 -9999 -9999 2 13 18 5 4 4 -7557 -7557 5 13 17 17 7 5 4 7 -7557 -7557 2 4 2 -7557 1 3 7 6 8 4 4 -7557 4 1 -7557 -7557 1 8 8 -7557 3 -7557 7
-9999 -9999 -9999 -9999 -9999 -9999 -9999 -9999 -9999 -9999 -9999 -9999 -9999 -9999 -9999 -9999 -9999 -9999 -9999 -9999 -9999 -9999 -9999 -9999 -9999 -9999 -9999 25 21 9 7 8 10 29 -9999 -9999 -9999 -9999 -9999 -9999 -9999 -9999 -9999 -9999 -9999 -9999 -9999 7 10 17 16 16 2 2 5 5 10 16 15 19 19 7 7 7 -7557 -7557 -7557 2 -7557 1 4 6 6 6 4 -7557 -7557 2 -7557 1 -7557 -7557 -7557 -7557 -7557 2 -7557 -7557
-9999 -9999 -9999 -9999 -9999 -9999 -9999 -9999 -9999 -9999 -9999 -9999 -9999 -9999 -9999 -9999 -9999 -9999 -9999 -9999 -9999 -9999 -9999 -9999 -9999 -9999 -9999 -9999 14 10 6 6 21 11 -7557 -9999 -9999 -9999 -9999 -9999 -9999 -9999 -9999 -9999 -9999 -9999 -7557 5 10 12 17 1 15 1 5 11 18 16 15 8 4 2 6 6 3 2 -7557 -7557 -7557 1 3 5 6 4 5 -7557 -7557 -7557 -7557 -7557 -7557 -7557 -7557 -7557 -7557 2 -7557 -7557
-9999 -9999 -9999 -9999 -9999 -9999 -9999 -9999 -9999 -9999 -9999 -9999 -9999 -9999 -9999 -9999 -9999 -9999 -9999 -9999 -9999 -9999 -9999 -9999 -9999 -9999 -9999 -9999 11 12 13 13 7 -7557 5 -9999 -9999 -9999 -9999 -9999 -9999 -9999 -9999 -9999 9 16 8 15 20 18 22 17 17 13 12 9 16 16 15 16 11 3 3 8 8 8 4 4 -7557 1 1 5 4 -7557 2 -7557 -7557 -7557 -7557 -7557 -7557 1 -7557 -7557 -7557 2 -7557 -7557
-9999 -9999 -9999 -9999 -9999 -9999 -9999 -9999 -9999 -9999 -9999 -9999 -9999 -9999 -9999 -9999 -9999 -9999 -9999 -9999 -9999 -9999 -9999 -9999 -9999 -9999 -9999 -9999 11 11 10 11 6 4 -9999 -9999 -9999 -9999 -9999 -9999 -9999 -9999 -9999 15 19 21 21 11 20 20 20 20 20 16 13 14 17 14 19 11 9 3 6 7 5 6 3 2 -7557 -7557 3 2 -7557 -7557 -7557 -7557 -7557 -7557 -7557 1 1 1 -7557 -7557 -7557 -7557 -7557 -7557
-9999 -9999 -9999 -9999 -9999 -9999 -9999 -9999 -9999 -9999 -9999 -9999 -9999 -9999 -9999 -9999 -9999 -9999 -9999 -9999 -9999 -9999 -9999 -9999 -9999 -9999 -9999 -9999 11 11 13 13 10 -9999 -9999 -9999 -9999 -9999 -9999 -9999 -9999 -9999 -9999 13 25 26 23 22 20 21 18 17 20 20 18 15 16 16 16 12 17 18 6 5 3 6 6 2 2 -7557 -7557 -7557 2 -7557 -7557 -7557 2 2 2 -7557 2 1 1 2 2 2 2 -7557
-9999 -9999 -9999 -9999 -9999 -9999 -9999 -9999 -9999 -9999 -9999 -9999 -9999 -9999 -9999 -9999 -9999 -9999 -9999 -9999 -9999 -9999 -9999 -9999 -9999 -9999 -9999 -9999 11 11 13 7 -9999 -9999 -9999 -9999 -9999 -9999 -9999 -9999 -9999 -9999 -9999 -9999 28 31 25 23 22 16 10 4 10 15 15 14 15 18 15 10 10 13 20 10 2 2 2 2 2 -7557 -7557 -7557 -7557 -7557 3 2 2 2 2 0 0 0 0 0 2 -7557 -7557 -7557
-9999 -9999 -9999 -9999 -9999 -9999 -9999 -9999 -9999 -9999 -9999 -9999 -9999 -9999 -9999 -9999 -9999 -9999 -9999 -9999 -9999 -9999 -9999 -9999 -9999 -9999 -9999 -9999 9 9 12 9 -9999 -9999 -9999 -9999 -9999 -9999 -9999 -9999 -9999 -9999 -9999 -9999 30 24 24 23 17 11 7 16 4 16 21 16 16 18 8 9 6 6 13 21 9 7 5 -7557 -7557 -7557 -7557 -7557 1 -7557 3 2 2 0 0 0 -7557 0 0 -7557 -7557 -7557 1 -7557
-9999 -9999 -9999 -9999 -9999 -9999 -9999 -9999 -9999 -9999 -9999 -9999 -9999 -9999 -9999 -9999 -9999 -9999 -9999 -9999 -9999 -9999 -9999 -9999 -9999 -9999 -9999 10 11 5 7 -9999 4 -9999 -9999 -9999 -9999 -9999 -9999 -9999 -9999 -9999 -9999 -9999 20 20 25 24 18 11 7 17 16 22 20 19 22 18 17 11 8 6 8 8 19 13 9 6 1 3 4 4 1 1 1 0 0 0 0 0 0 0 0 -7557 -7557 -7557 -7557 1
-9999 -9999 -9999 -9999 -9999 -9999 -9999 -9999 -9999 -9999 -9999 -9999 -9999 -9999 -9999 -9999 -9999 -9999 -9999 -9999 -9999 -9999 -9999 -9999 -9999 9 6 8 5 4 4 0 0 9 9 -9999 -9999 -9999 -9999 -9999 -9999 -9999 10 16 20 19 22 17 14 17 17 23 24 20 20 24 23 21 22 14 10 6 6 2 6 7 8 6 2 2 4 4 1 1 0 0 1 1 0 0 0 0 -7557 -7557 -7557 -7557 1 1
-9999 -9999 -9999 -9999 -9999 -9999 -9999 -9999 -9999 -9999 -9999 -9999 -9999 -9999 -9999 -9999 -9999 -9999 -9999 -9999 -9999 -9999 -9999 -9999 12 6 8 7 5 2 2 2 1 1 15 21 -9999 -9999 -9999 -9999 -9999 -9999 -9999 18 9 14 20 26 23 18 30 24 21 21 22 16 21 20 21 21 9 10 -7557 -7557 2 8 8 -7557 -7557 -7557 1 1 1 1 0 0 0 0 0 0 0 0 0 0 -7557 1 1 1
-9999 -9999 -9999 -9999 -9999 -9999 -9999 -9999 -9999 -9999 -9999 -9999 -9999 -9999 -9999 -9999 -9999 -9999 -9999 -9999 -9999 -9999 -9999 15 12 10 13 0 0 2 4 4 5 10 11 5 17 -9999 -9999 -9999 -9999 -9999 -9999 6 5 8 17 26 32 27 26 26 26 26 16 16 13 20 20 17 8 8 -7557 -7557 5 7 8 -7557 -7557 -7557 -7557 -7557 -7557 1 0 0 0 0 0 0 0 0 0 -7557 -7557 -7557 1 1
-9999 -9999 -9999 -9999 -9999 -9999 -9999 -9999 -9999 -9999 -9999 -9999 -9999 -9999 -9999 -9999 -9999 -9999 -9999 -9999 -9999 -9999 16 15 9 2 4 7 6 4 7 8 11 14 9 3 8 -9999 -9999 -9999 -9999 -9999 -9999 -9999 8 12 16 18 21 29 26 16 9 16 12 12 14 22 20 22 19 10 4 4 3 5 5 5 2 -7557 -7557 -7557 -7557 -7557 0 -7557 0 0 0 -7557 -7557 -7557 -7557 -7557 -7557 -7557 -7557 -7557
-9999 -9999 -9999 -9999 -9999 -9999 -9999 -9999 -9999 -9999 -9999 -9999 -9999 -9999 -9999 -9999 -9999 -9999 -9999 -9999 -9999 18 16 20 8 10 10 5 7 7 15 15 9 11 4 6 14 19 -9999 -9999 -9999 -9999 -9999 -9999 -9999 14 12 16 18 30 25 16 11 1 2 3 13 11 17 19 14 3 3 3 2 5 2 2 2 -7557 -7557 -7557 0 0 -7557 0 0 0 0 0 0 -7557 -7557 -7557 0 -7557 1 1
-9999 -9999 -9999 -9999 -9999 -9999 -9999 -9999 -9999 -9999 -9999 -9999 -9999 -9999 -9999 -9999 -9999 -9999 -9999 -9999 21 18 26 14 17 18 16 15 16 17 16 15 13 14 3 13 18 19 -9999 -9999 -9999 -9999 -9999 -9999 -9999 -9999 10 13 7 24 22 20 14 -7557 3 4 11 8 18 15 17 7 3 2 4 1 1 2 2 -7557 0 0 0 0 0 0 0 0 0 0 0 0 0 0 -7557 -7557 0 0
-9999 -9999 -9999 -9999 -9999 -9999 -9999 -9999 -9999 -9999 -9999 -9999 -9999 -9999 -9999 -9999 -9999 -9999 -9999 -9999 22 18 26 21 20 19 18 17 15 12 12 17 9 4 8 9 19 20 -9999 -9999 -9999 -9999 -9999 -9999 -9999 -9999 -9999 10 5 15 21 14 8 7 8 10 15 9 11 15 11 8 7 0 1 0 0 0 0 0 0 0 0 0 0 0 0 0 0 0 0 0 0 0 0 0 0 0
-9999 -9999 -9999 -9999 -9999 -9999 -9999 -9999 -9999 -9999 -9999 -9999 -9999 -9999 -9999 -9999 -9999 -9999 -9999 -9999 22 18 26 19 20 17 18 17 9 4 4 9 10 8 17 5 20 14 13 -9999 -9999 -9999 -9999 -9999 -9999 -9999 3 5 15 23 17 13 2 5 3 8 17 7 13 4 4 6 9 6 4 0 0 0 0 0 0 0 0 0 0 0 0 0 0 0 0 0 0 0 0 0 0 0
-9999 -9999 -9999 -9999 -9999 -9999 -9999 -9999 -9999 -9999 -9999 -9999 -9999 -9999 -9999 -9999 -9999 -9999 -9999 -9999 32 22 17 23 23 22 20 17 7 8 4 7 13 15 8 20 19 18 16 17 -9999 -9999 -9999 -9999 -9999 8 9 12 18 18 19 16 10 10 4 6 11 12 4 3 0 6 4 4 5 0 -7557 0 -7557 -7557 0 0 0 0 0 0 0 0 0 0 0 -7557 -7557 -7557 0 0 0 0
-9999 -9999 -9999 -9999 -9999 -9999 -9999 -9999 -9999 -9999 -9999 -9999 -9999 -9999 -9999 -9999 -9999 -9999 -9999 -9999 -9999 19 18 17 22 20 22 20 18 18 17 18 15 19 19 19 18 17 15 -9999 -9999 -9999 -9999 -9999 -9999 17 21 22 18 14 12 9 4 8 7 4 11 10 2 2 5 5 5 1 2 0 -7557 -7557 0 0 0 0 0 0 0 0 0 0 0 0 0 0 -7557 -7557 0 0 0 0
-9999 -9999 -9999 -9999 -9999 -9999 -9999 -9999 -9999 -9999 -9999 -9999 -9999 -9999 -9999 -9999 -9999 -9999 -9999 -9999 -9999 -9999 15 17 18 17 19 21 20 22 22 19 16 15 19 18 19 15 -9999 13 -9999 -9999 -9999 -9999 17 21 20 18 17 5 1 3 3 7 13 12 4 2 2 1 5 3 0 1 2 0 0 0 0 0 0 0 0 0 0 0 0 0 0 0 0 0 0 0 0 0 0 0
-9999 -9999 -9999 -9999 -9999 -9999 -9999 -9999 -9999 -9999 -9999 -9999 -9999 -9999 -9999 -9999 -9999 -9999 -9999 -9999 -9999 -9999 16 15 18 19 20 21 21 21 19 19 18 15 19 17 14 13 16 11 14 17 -9999 -9999 9 19 18 10 7 10 4 4 3 7 12 11 9 5 7 4 2 2 0 2 1 0 0 0 0 0 0 0 0 0 0 0 0 0 0 0 4 0 0 0 0 0 0 0
-9999 -9999 -9999 -9999 -9999 -9999 -9999 -9999 -9999 -9999 -9999 -9999 -9999 -9999 -9999 -9999 -9999 -9999 -9999 -9999 -9999 19 16 16 20 23 24 22 20 20 20 18 21 18 17 15 15 13 14 11 13 16 17 14 18 20 19 15 17 13 8 8 9 13 16 11 10 8 4 3 2 2 2 2 1 1 0 0 0 0 0 0 0 0 1 0 0 0 3 1 0 1 1 0 0 0 0 1
-9999 -9999 -9999 -9999 -9999 -9999 -9999 -9999 -9999 -9999 -9999 -9999 -9999 -9999 -9999 -9999 -9999 -9999 -9999 23 22 22 16 19 22 24 23 20 21 18 20 19 19 19 16 15 15 14 15 11 13 12 16 16 15 17 16 15 16 15 15 15 13 12 12 11 8 5 3 2 2 2 0 2 1 0 0 0 0 0 0 0 2 0 0 3 3 3 5 1 0 1 0 0 1 1 0 0
-9999 -9999 -9999 -9999 -9999 -9999 -9999 -9999 -9999 -9999 -9999 -9999 -9999 -9999 -9999 -9999 -9999 -9999 -9999 23 25 22 17 18 22 20 25 21 23 21 20 22 20 17 15 15 15 14 13 12 12 13 15 15 17 19 18 18 16 14 14 12 13 13 11 9 6 3 2 2 2 2 0 0 1 0 1 0 0 -7557 0 0 0 0 4 4 0 1 3 0 0 0 0 0 0 3 0 0
-9999 -9999 -9999 -9999 -9999 -9999 -9999 -9999 -9999 -9999 -9999 -9999 -9999 -9999 -9999 -9999 -9999 -9999 -9999 -9999 21 19 20 22 20 16 -7557 22 26 21 22 20 18 16 15 15 15 14 12 12 12 13 16 19 18 20 19 17 15 15 13 14 13 12 10 8 5 2 2 2 2 1 0 0 1 0 1 0 0 0 1 0 0 4 4 5 4 0 0 0 0 1 0 4 6 5 0 0
-9999 -9999 -9999 -9999 -9999 -9999 -9999 -9999 -9999 -9999 -9999 -9999 -9999 -9999 -9999 -9999 -9999 -9999 -9999 -9999 20 21 24 24 21 23 -7557 23 24 22 20 19 18 16 16 15 14 14 11 10 11 13 17 19 19 18 16 17 15 14 13 14 12 12 9 7 3 2 2 2 2 0 0 0 0 0 0 1 1 1 3 4 5 5 4 6 6 6 0 7 5 4 8 6 7 7 6 4
-9999 -9999 -9999 -9999 -9999 -9999 -9999 -9999 -9999 -9999 -9999 -9999 -9999 -9999 -9999 -9999 -9999 -9999 -9999 -9999 -9999 19 22 22 20 21 21 21 21 22 23 19 19 18 16 15 16 12 12 12 13 16 18 18 18 16 15 15 14 15 15 15 15 11 10 8 5 2 2 2 1 2 1 1 1 0 0 1 1 3 3 5 4 5 5 5 5 6 3 6 7 5 4 8 4 0 5 1
-9999 -9999 -9999 -9999 -9999 -9999 -9999 -9999 -9999 -9999 -9999 -9999 -9999 -9999 -9999 -9999 -9999 -9999 -9999 -9999 -9999 20 21 22 20 19 19 21 19 21 19 20 20 19 17 18 17 18 13 16 18 18 16 17 17 14 13 14 16 15 17 15 14 13 10 9 5 3 2 2 2 1 1 1 1 1 0 0 0 4 6 6 4 5 5 5 5 7 6 6 5 6 8 8 7 6 8 6
-9999 -9999 -9999 -9999 -9999 -9999 -9999 -9999 -9999 -9999 -9999 -9999 -9999 -9999 -9999 -9999 -9999 -9999 -9999 -9999 -9999 -9999 -9999 -9999 20 19 21 19 20 19 20 20 17 19 17 17 18 17 17 18 19 18 17 17 14 17 14 15 14 17 16 16 15 15 13 11 9 5 3 1 2 0 1 1 1 1 0 1 3 4 6 6 6 5 6 6 6 5 7 12 12 7 7 11 12 12 13 12
-9999 -9999 -9999 -9999 -9999 -9999 -9999 -9999 -9999 -9999 -9999 -9999 -9999 -9999 -9999 -9999 -9999 -9999 -9999 -9999 -9999 -9999 -9999 -9999 20 22 20 18 20 21 19 22 20 20 21 22 21 19 18 19 19 17 17 15 16 16 16 17 14 16 16 17 18 19 16 15 11 8 3 4 2 1 1 1 1 1 2 3 5 6 7 5 7 6 6 5 5 16 15 17 17 8 10 19 26 26 13 16
