data/fwi_grid_demo/dc_20190124.txt
ncols 177
nrows 174
xllcorner  1436301.375
yllcorner    4916704.5
cellsize 1500
NODATA_value -9999
[rows 39 to 77 of 174, columns 0 to 87 of 177]
-9999 -9999 -9999 -9999 -9999 -9999 -9999 -9999 -9999 -9999 -9999 -9999 -9999 -9999 -9999 -9999 -9999 -9999 -9999 -9999 -9999 -9999 -9999 -9999 -9999 -9999 -9999 -9999 -9999 -9999 -9999 -9999 -9999 -9999 -9999 -9999 -9999 -9999 -9999 -9999 -9999 -9999 -9999 -9999 -9999 -9999 -9999 -9999 -9999 -9999 -9999 -9999 -9999 -9999 -7557 -7557 4 1 4 2 -7557 1 1 1 10 17 16 12 4 -7557 -7557 -7557 -7557 -7557 8 8 5 7 -7557 -7557 -7557 -7557 -7557 -7557 -7557 -7557 3 3
-9999 -9999 -9999 -9999 -9999 -9999 -9999 -9999 -9999 -9999 -9999 -9999 -9999 -9999 -9999 -9999 -9999 -9999 -9999 -9999 -9999 -9999 -9999 -9999 -9999 -9999 -9999 -9999 -9999 -9999 -9999 -9999 -9999 -9999 -9999 -9999 -9999 -9999 -9999 -9999 -9999 -9999 -9999 -9999 -9999 -9999 -9999 -9999 -9999 -9999 -9999 -9999 -9999 -7557 4 -7557 -7557 3 11 5 2 4 4 5 19 15 14 13 7 3 -7557 -7557 -7557 5 7 11 5 9 8 13 8 -7557 4 4 -7557 2 2 4
-9999 -9999 -9999 -9999 -9999 -9999 -9999 -9999 -9999 -9999 -9999 -9999 -9999 -9999 -9999 -9999 -9999 -9999 -9999 -9999 -9999 -9999 -9999 -9999 -9999 -9999 -9999 -9999 -9999 -9999 -9999 -9999 -9999 -9999 -9999 -9999 -9999 -9999 -9999 -9999 -9999 -9999 -9999 -9999 -9999 -9999 -9999 -9999 -9999 -9999 -9999 -9999 -7557 -7557 7 7 6 4 12 14 6 10 13 14 16 15 13 6 -7557 -7557 -7557 -7557 -7557 6 7 9 11 13 12 13 10 10 8 8 6 7 7 5
-9999 -9999 -9999 -9999 -9999 -9999 -9999 -9999 -9999 -9999 -9999 -9999 -9999 -9999 -9999 -9999 -9999 -9999 -9999 -9999 -9999 -9999 -9999 -9999 -9999 -9999 -9999 -9999 -9999 -9999 -9999 -9999 -9999 -9999 -9999 -9999 -9999 -9999 -9999 -9999 -9999 -9999 -9999 -9999 -9999 -9999 -9999 -9999 -9999 -9999 -9999 -9999 -7557 3 9 11 12 11 14 18 12 17 13 18 17 15 7 6 6 5 -7557 6 6 6 11 12 15 14 13 14 15 15 11 12 11 10 10 7
-9999 -9999 -9999 -9999 -9999 -9999 -9999 -9999 -9999 -9999 -9999 -9999 -9999 -9999 -9999 -9999 -9999 -9999 -9999 -9999 -9999 -9999 -9999 -9999 -9999 -9999 -9999 -9999 -9999 -9999 -9999 -9999 -9999 -9999 -9999 -9999 -9999 -9999 -9999 -9999 -9999 -9999 -9999 -9999 -9999 -9999 -9999 -9999 -9999 -9999 -9999 -7557 -7557 6 8 13 18 17 12 17 15 14 17 18 18 15 15 12 13 11 8 8 10 11 11 12 13 14 13 15 13 12 11 10 10 9 9 8
-9999 -9999 -9999 -9999 -9999 -9999 -9999 -9999 -9999 -9999 -9999 -9999 -9999 -9999 -9999 -9999 -9999 -9999 -9999 -9999 -9999 -9999 -9999 -9999 -9999 -9999 -9999 -9999 -9999 -9999 -9999 -9999 -9999 -9999 -9999 -9999 -9999 -9999 -9999 -9999 -9999 -9999 -9999 -9999 -9999 -9999 -9999 -9999 -9999 -7557 -7557 14 -7557 -7557 3 6 12 18 15 15 16 17 22 20 20 14 14 12 12 12 12 12 14 14 11 14 10 5 3 4 11 12 12 9 9 8 7 7
-9999 -9999 -9999 -9999 -9999 -9999 -9999 -9999 -9999 -9999 -9999 -9999 -9999 -9999 -9999 -9999 -9999 -9999 -9999 -9999 -9999 -9999 -9999 -9999 -9999 -9999 -9999 -9999 -9999 -9999 -9999 -9999 -9999 -9999 -9999 -9999 -9999 -9999 -9999 -9999 -9999 -9999 -9999 -9999 -9999 -9999 -9999 -9999 -9999 -7557 1 11 10 15 14 17 15 16 17 16 18 21 25 23 11 16 16 13 13 10 12 13 15 13 11 11 6 5 5 1 9 11 11 8 9 9 8 7
-9999 -9999 -9999 -9999 -9999 -9999 -9999 -9999 -9999 -9999 -9999 -9999 -9999 -9999 -9999 -9999 -9999 -9999 -9999 -9999 -9999 -9999 -9999 -9999 -9999 -9999 -9999 -9999 -9999 -9999 -9999 -9999 -9999 -9999 -9999 -9999 -9999 -9999 -9999 -9999 -9999 -9999 -9999 -9999 -9999 -9999 -9999 -7557 3 3 -7557 -7557 5 5 8 8 14 18 20 19 20 23 22 13 7 8 7 3 3 5 7 9 10 7 6 6 4 4 3 -7557 9 10 7 9 6 9 8 3
-9999 -9999 -9999 -9999 -9999 -9999 -9999 -9999 -9999 -9999 -9999 -9999 -9999 -9999 -9999 -9999 -9999 -9999 -9999 -9999 -9999 -9999 -9999 -9999 -9999 -9999 -9999 -9999 29 -9999 -9999 -9999 -9999 -9999 -9999 -9999 -9999 -9999 -9999 -9999 -9999 -9999 -9999 -9999 -9999 -9999 -7557 9 11 14 -7557 7 -7557 -7557 10 11 19 19 20 19 10 8 15 7 2 4 6 4 2 2 3 8 8 8 3 4 2 4 3 -7557 -7557 10 10 2 2 7 7 -7557
-9999 -9999 -9999 -9999 -9999 -9999 -9999 -9999 -9999 -9999 -9999 -9999 -9999 -9999 -9999 -9999 -9999 -9999 -9999 -9999 -9999 -9999 -9999 -9999 -9999 -9999 -9999 -9999 29 31 29 -9999 3 -9999 -9999 -9999 -9999 -9999 -9999 -9999 -9999 -9999 -9999 -9999 -9999 -9999 -9999 2 12 17 7 7 4 -7557 -7557 8 16 19 18 9 5 4 7 -7557 -7557 2 4 2 -7557 1 3 7 6 8 4 4 -7557 4 1 -7557 -7557 1 8 8 -7557 3 -7557 3
-9999 -9999 -9999 -9999 -9999 -9999 -9999 -9999 -9999 -9999 -9999 -9999 -9999 -9999 -9999 -9999 -9999 -9999 -9999 -9999 -9999 -9999 -9999 -9999 -9999 -9999 -9999 23 19 8 6 7 9 28 -9999 -9999 -9999 -9999 -9999 -9999 -9999 -9999 -9999 -9999 -9999 -9999 -9999 6 9 16 17 17 5 4 4 8 13 17 16 19 19 7 7 7 -7557 -7557 -7557 2 -7557 1 4 6 6 6 4 -7557 -7557 2 -7557 1 -7557 -7557 -7557 -7557 -7557 5 -7557 -7557
-9999 -9999 -9999 -9999 -9999 -9999 -9999 -9999 -9999 -9999 -9999 -9999 -9999 -9999 -9999 -9999 -9999 -9999 -9999 -9999 -9999 -9999 -9999 -9999 -9999 -9999 -9999 -9999 12 9 5 5 19 10 -7557 -9999 -9999 -9999 -9999 -9999 -9999 -9999 -9999 -9999 -9999 -9999 -7557 5 9 11 17 4 16 4 9 14 18 17 16 8 3 2 6 6 3 2 -7557 -7557 -7557 1 3 5 6 4 5 -7557 -7557 -7557 -7557 -7557 -7557 -7557 -7557 -7557 -7557 4 -7557 -7557
-9999 -9999 -9999 -9999 -9999 -9999 -9999 -9999 -9999 -9999 -9999 -9999 -9999 -9999 -9999 -9999 -9999 -9999 -9999 -9999 -9999 -9999 -9999 -9999 -9999 -9999 -9999 -9999 9 10 11 11 6 -7557 5 -9999 -9999 -9999 -9999 -9999 -9999 -9999 -9999 -9999 8 15 7 14 19 17 19 16 16 14 11 8 14 14 14 15 11 3 3 8 8 8 4 4 -7557 1 1 5 4 -7557 2 -7557 -7557 -7557 -7557 -7557 -7557 1 -7557 -7557 -7557 4 -7557 -7557
-9999 -9999 -9999 -9999 -9999 -9999 -9999 -9999 -9999 -9999 -9999 -9999 -9999 -9999 -9999 -9999 -9999 -9999 -9999 -9999 -9999 -9999 -9999 -9999 -9999 -9999 -9999 -9999 9 9 9 10 5 3 -9999 -9999 -9999 -9999 -9999 -9999 -9999 -9999 -9999 14 18 20 20 10 19 17 17 17 17 16 12 12 15 13 16 11 9 3 6 7 5 6 3 2 -7557 -7557 3 2 -7557 -7557 -7557 -7557 -7557 -7557 -7557 3 3 3 -7557 -7557 -7557 -7557 -7557 -7557
-9999 -9999 -9999 -9999 -9999 -9999 -9999 -9999 -9999 -9999 -9999 -9999 -9999 -9999 -9999 -9999 -9999 -9999 -9999 -9999 -9999 -9999 -9999 -9999 -9999 -9999 -9999 -9999 9 9 10 11 9 -9999 -9999 -9999 -9999 -9999 -9999 -9999 -9999 -9999 -9999 12 23 23 20 19 17 18 17 16 18 17 15 13 15 15 15 12 16 17 6 5 3 6 6 2 2 -7557 -7557 -7557 2 -7557 -7557 -7557 5 3 1 -7557 2 4 3 4 4 4 2 -7557
-9999 -9999 -9999 -9999 -9999 -9999 -9999 -9999 -9999 -9999 -9999 -9999 -9999 -9999 -9999 -9999 -9999 -9999 -9999 -9999 -9999 -9999 -9999 -9999 -9999 -9999 -9999 -9999 9 9 10 6 -9999 -9999 -9999 -9999 -9999 -9999 -9999 -9999 -9999 -9999 -9999 -9999 25 28 22 20 20 15 9 4 9 14 14 13 14 17 14 10 10 13 19 10 2 2 2 2 2 -7557 -7557 -7557 -7557 -7557 6 6 3 2 1 1 1 1 2 3 1 -7557 -7557 -7557
-9999 -9999 -9999 -9999 -9999 -9999 -9999 -9999 -9999 -9999 -9999 -9999 -9999 -9999 -9999 -9999 -9999 -9999 -9999 -9999 -9999 -9999 -9999 -9999 -9999 -9999 -9999 -9999 7 6 9 8 -9999 -9999 -9999 -9999 -9999 -9999 -9999 -9999 -9999 -9999 -9999 -9999 29 23 23 22 16 10 6 15 4 15 18 15 15 17 8 9 6 6 13 21 9 7 5 -7557 -7557 -7557 -7557 -7557 4 -7557 4 3 4 2 1 2 -7557 2 2 -7557 -7557 -7557 1 -7557
-9999 -9999 -9999 -9999 -9999 -9999 -9999 -9999 -9999 -9999 -9999 -9999 -9999 -9999 -9999 -9999 -9999 -9999 -9999 -9999 -9999 -9999 -9999 -9999 -9999 -9999 -9999 7 8 5 7 -9999 5 -9999 -9999 -9999 -9999 -9999 -9999 -9999 -9999 -9999 -9999 -9999 19 19 24 23 17 10 6 16 15 19 18 18 20 17 17 10 7 6 8 8 19 13 9 6 1 3 4 4 4 4 4 3 3 3 1 1 2 2 1 -7557 -7557 -7557 -7557 3
-9999 -9999 -9999 -9999 -9999 -9999 -9999 -9999 -9999 -9999 -9999 -9999 -9999 -9999 -9999 -9999 -9999 -9999 -9999 -9999 -9999 -9999 -9999 -9999 -9999 6 6 8 6 5 5 1 1 11 11 -9999 -9999 -9999 -9999 -9999 -9999 -9999 9 15 19 18 21 16 13 16 16 20 21 18 18 21 20 20 21 14 10 6 6 2 6 7 8 6 2 2 4 4 4 5 3 3 5 3 4 1 1 1 -7557 -7557 -7557 -7557 3 4
-9999 -9999 -9999 -9999 -9999 -9999 -9999 -9999 -9999 -9999 -9999 -9999 -9999 -9999 -9999 -9999 -9999 -9999 -9999 -9999 -9999 -9999 -9999 -9999 9 6 8 8 8 4 4 3 4 4 16 21 -9999 -9999 -9999 -9999 -9999 -9999 -9999 17 8 13 19 25 22 17 27 22 19 19 20 15 19 19 20 20 9 10 10 -7557 2 8 8 -7557 -7557 -7557 1 1 1 1 1 1 1 2 2 1 1 1 1 5 -7557 5 5 5
-9999 -9999 -9999 -9999 -9999 -9999 -9999 -9999 -9999 -9999 -9999 -9999 -9999 -9999 -9999 -9999 -9999 -9999 -9999 -9999 -9999 -9999 -9999 12 11 10 14 3 3 4 6 6 8 12 14 7 19 -9999 -9999 -9999 -9999 -9999 -9999 5 5 7 16 24 30 25 24 24 23 24 15 15 12 19 19 17 7 8 -7557 -7557 5 7 8 -7557 -7557 -7557 -7557 -7557 -7557 1 1 1 1 1 1 1 2 2 2 -7557 -7557 -7557 5 5
-9999 -9999 -9999 -9999 -9999 -9999 -9999 -9999 -9999 -9999 -9999 -9999 -9999 -9999 -9999 -9999 -9999 -9999 -9999 -9999 -9999 -9999 13 12 11 5 7 10 10 8 9 10 13 16 12 6 10 -9999 -9999 -9999 -9999 -9999 -9999 -9999 7 11 15 17 20 26 24 15 8 15 11 11 13 20 19 20 17 10 4 4 3 5 5 5 2 -7557 -7557 -7557 -7557 -7557 1 -7557 2 2 1 -7557 -7557 -7557 -7557 -7557 -7557 -7557 -7557 -7557
-9999 -9999 -9999 -9999 -9999 -9999 -9999 -9999 -9999 -9999 -9999 -9999 -9999 -9999 -9999 -9999 -9999 -9999 -9999 -9999 -9999 15 13 20 10 13 13 9 11 12 17 17 13 15 7 9 16 20 -9999 -9999 -9999 -9999 -9999 -9999 -9999 15 14 15 17 27 23 15 10 1 2 2 12 10 16 17 14 3 3 3 2 5 2 2 1 -7557 -7557 -7557 1 1 -7557 1 2 2 2 1 1 -7557 -7557 -7557 2 -7557 5 5
-9999 -9999 -9999 -9999 -9999 -9999 -9999 -9999 -9999 -9999 -9999 -9999 -9999 -9999 -9999 -9999 -9999 -9999 -9999 -9999 19 16 23 14 18 20 18 17 18 19 18 17 17 19 7 17 21 20 -9999 -9999 -9999 -9999 -9999 -9999 -9999 -9999 12 14 6 21 20 18 13 -7557 2 3 10 7 16 14 15 7 2 2 4 1 1 2 2 -7557 1 1 1 1 1 1 1 1 1 1 1 1 1 1 -7557 -7557 1 2
-9999 -9999 -9999 -9999 -9999 -9999 -9999 -9999 -9999 -9999 -9999 -9999 -9999 -9999 -9999 -9999 -9999 -9999 -9999 -9999 20 16 23 21 21 21 20 19 18 17 16 19 13 9 12 13 21 22 -9999 -9999 -9999 -9999 -9999 -9999 -9999 -9999 -9999 12 7 16 19 13 7 6 7 9 14 8 11 13 10 10 10 3 4 2 2 2 2 1 1 1 1 1 1 3 3 2 1 1 1 1 1 1 2 1 1 3
-9999 -9999 -9999 -9999 -9999 -9999 -9999 -9999 -9999 -9999 -9999 -9999 -9999 -9999 -9999 -9999 -9999 -9999 -9999 -9999 20 16 25 19 21 19 20 20 14 8 8 13 14 12 21 10 23 18 17 -9999 -9999 -9999 -9999 -9999 -9999 -9999 6 8 17 24 18 14 1 4 5 9 15 8 14 6 7 9 12 10 8 3 3 3 2 4 1 1 1 1 1 2 3 1 1 1 1 1 1 1 1 1 1 2
-9999 -9999 -9999 -9999 -9999 -9999 -9999 -9999 -9999 -9999 -9999 -9999 -9999 -9999 -9999 -9999 -9999 -9999 -9999 -9999 29 20 18 23 24 24 22 20 12 12 8 12 18 20 13 23 22 21 20 20 -9999 -9999 -9999 -9999 -9999 12 12 14 20 19 20 17 11 1 6 8 14 14 7 7 4 11 9 9 10 3 -7557 4 -7557 -7557 4 1 1 1 1 1 1 1 3 3 1 -7557 -7557 -7557 1 2 1 2
-9999 -9999 -9999 -9999 -9999 -9999 -9999 -9999 -9999 -9999 -9999 -9999 -9999 -9999 -9999 -9999 -9999 -9999 -9999 -9999 -9999 17 19 18 23 22 24 23 21 23 22 23 20 23 23 23 22 21 19 -9999 -9999 -9999 -9999 -9999 -9999 20 24 24 20 16 14 11 7 10 10 7 14 13 7 7 11 10 11 8 8 4 -7557 4 4 4 4 3 1 1 1 2 2 6 3 2 2 2 -7557 -7557 2 2 2 3
-9999 -9999 -9999 -9999 -9999 -9999 -9999 -9999 -9999 -9999 -9999 -9999 -9999 -9999 -9999 -9999 -9999 -9999 -9999 -9999 -9999 -9999 16 18 20 20 22 24 23 25 25 22 20 20 23 22 23 20 -9999 18 -9999 -9999 -9999 -9999 21 24 23 21 20 8 4 6 3 10 16 15 9 8 8 8 11 10 4 7 8 8 1 1 1 1 3 3 7 7 1 1 3 6 3 2 4 2 2 2 1 2 2 1
-9999 -9999 -9999 -9999 -9999 -9999 -9999 -9999 -9999 -9999 -9999 -9999 -9999 -9999 -9999 -9999 -9999 -9999 -9999 -9999 -9999 -9999 17 17 20 22 23 24 25 25 22 22 22 20 23 22 20 19 21 17 19 21 -9999 -9999 15 23 22 15 11 13 8 8 7 10 15 15 13 11 13 11 10 9 10 8 6 2 5 4 1 6 8 2 1 4 2 1 1 3 3 3 8 3 1 2 3 2 2 5
-9999 -9999 -9999 -9999 -9999 -9999 -9999 -9999 -9999 -9999 -9999 -9999 -9999 -9999 -9999 -9999 -9999 -9999 -9999 -9999 -9999 17 17 18 22 25 26 25 24 24 24 23 25 22 22 20 20 19 20 17 19 21 22 19 23 25 23 19 21 18 13 11 14 16 20 16 15 14 11 11 10 9 9 9 5 7 2 2 2 3 7 6 6 5 8 2 2 5 8 5 2 5 1 1 1 2 5 6
-9999 -9999 -9999 -9999 -9999 -9999 -9999 -9999 -9999 -9999 -9999 -9999 -9999 -9999 -9999 -9999 -9999 -9999 -9999 21 20 20 17 20 23 26 25 24 25 22 24 23 24 23 21 20 20 20 21 17 19 18 21 21 20 22 21 19 20 19 19 18 17 16 16 16 14 12 11 10 9 9 7 6 7 6 7 7 2 2 2 6 9 5 2 9 8 8 9 5 2 5 2 2 1 6 4 3
-9999 -9999 -9999 -9999 -9999 -9999 -9999 -9999 -9999 -9999 -9999 -9999 -9999 -9999 -9999 -9999 -9999 -9999 -9999 21 23 20 18 19 23 22 27 25 27 25 24 26 24 21 20 20 20 20 20 18 18 18 20 20 22 24 23 22 20 18 18 16 17 17 16 15 13 11 9 9 9 7 4 6 7 5 5 3 1 1 1 6 6 4 9 9 5 6 7 2 2 2 2 5 2 8 5 4
-9999 -9999 -9999 -9999 -9999 -9999 -9999 -9999 -9999 -9999 -9999 -9999 -9999 -9999 -9999 -9999 -9999 -9999 -9999 -9999 19 17 20 22 22 19 28 26 30 25 26 24 22 20 20 20 20 20 18 18 17 18 20 22 22 24 23 21 19 19 17 18 17 16 15 14 12 9 10 8 8 7 1 4 6 4 5 5 5 5 8 2 2 8 7 9 8 1 1 2 4 5 3 8 10 10 3 3
-9999 -9999 -9999 -9999 -9999 -9999 -9999 -9999 -9999 -9999 -9999 -9999 -9999 -9999 -9999 -9999 -9999 -9999 -9999 -9999 18 19 22 24 23 24 23 26 28 26 24 23 22 20 20 20 19 19 17 16 16 18 21 23 23 22 20 21 19 18 17 17 16 16 14 13 10 9 9 9 8 6 1 1 5 5 5 6 6 7 8 9 8 8 7 9 9 9 3 10 9 8 12 10 11 11 10 8
-9999 -9999 -9999 -9999 -9999 -9999 -9999 -9999 -9999 -9999 -9999 -9999 -9999 -9999 -9999 -9999 -9999 -9999 -9999 -9999 -9999 17 20 22 21 23 24 24 25 27 27 23 23 22 20 19 21 17 17 17 18 21 22 22 22 20 19 19 18 19 18 18 18 15 15 13 11 10 9 8 7 7 4 6 6 6 5 6 6 8 7 8 7 7 7 7 7 9 7 10 10 8 8 12 8 4 9 5
-9999 -9999 -9999 -9999 -9999 -9999 -9999 -9999 -9999 -9999 -9999 -9999 -9999 -9999 -9999 -9999 -9999 -9999 -9999 -9999 -9999 18 19 20 21 21 22 23 24 25 23 24 24 23 21 22 22 22 17 20 22 22 20 21 21 18 17 18 20 19 20 18 17 17 14 14 11 10 10 8 6 6 5 6 6 7 4 6 6 8 9 9 6 7 7 7 7 10 8 8 7 8 11 11 11 9 11 9
-9999 -9999 -9999 -9999 -9999 -9999 -9999 -9999 -9999 -9999 -9999 -9999 -9999 -9999 -9999 -9999 -9999 -9999 -9999 -9999 -9999 -9999 -9999 -9999 21 21 23 23 24 24 24 24 21 23 21 21 22 22 21 21 23 22 21 21 18 20 17 18 17 20 19 19 18 18 17 15 14 11 10 8 8 7 7 7 5 8 6 7 8 8 9 8 8 7 7 7 9 7 9 14 14 9 9 13 15 15 16 14
-9999 -9999 -9999 -9999 -9999 -9999 -9999 -9999 -9999 -9999 -9999 -9999 -9999 -9999 -9999 -9999 -9999 -9999 -9999 -9999 -9999 -9999 -9999 -9999 21 23 23 22 24 25 23 26 24 24 25 25 25 23 22 23 22 21 21 18 19 19 19 20 17 19 19 20 21 22 19 18 15 13 10 10 9 9 8 8 7 8 8 8 10 10 9 8 9 7 8 7 7 17 16 18 18 9 11 20 28 27 14 17
