data/fwi_grid_demo/dc_20190129.txt
ncols 177
nrows 174
xllcorner  1436301.375
yllcorner    4916704.5
cellsize 1500
NODATA_value -9999
[rows 78 to 116 of 174, columns 0 to 87 of 177]
-9999 -9999 -9999 -9999 -9999 -9999 -9999 -9999 -9999 -9999 -9999 -9999 -9999 -9999 -9999 -9999 -9999 -9999 -9999 -9999 -9999 -9999 -9999 -9999 22 22 19 20 20 19 18 20 18 19 21 16 17 19 18 18 16 19 16 15 15 14 16 14 16 16 18 18 20 17 20 15 15 13 11 6 4 4 3 2 2 3 3 5 5 5 3 5 5 4 6 7 8 12 15 14 15 13 36 67 86 87 68 36
-9999 -9999 -9999 -9999 -9999 -9999 -9999 -9999 -9999 -9999 -9999 -9999 -9999 -9999 -9999 -9999 -9999 -9999 -9999 -9999 -9999 -9999 -9999 -9999 27 21 21 19 18 21 21 17 14 16 18 15 17 18 16 16 13 13 13 15 14 13 14 15 17 16 18 18 21 22 21 17 17 16 15 10 9 7 5 3 3 5 5 3 4 5 4 4 4 3 5 5 8 8 9 10 12 33 81 122 146 146 133 89
-9999 -9999 -9999 -9999 -9999 -9999 -9999 -9999 -9999 -9999 -9999 -9999 -9999 -9999 -9999 -9999 -9999 -9999 -9999 -9999 -9999 -9999 -9999 -9999 -9999 -9999 20 20 18 18 17 14 13 15 17 18 17 16 15 16 14 14 12 12 10 12 12 16 16 17 19 22 24 22 23 17 16 15 13 14 11 7 6 7 5 6 7 6 5 6 4 3 3 3 4 3 4 7 9 10 23 79 138 180 203 207 191 152
-9999 -9999 -9999 -9999 -9999 -9999 -9999 -9999 -9999 -9999 -9999 -9999 -9999 -9999 -9999 -9999 -9999 -9999 -9999 -9999 -9999 -9999 -9999 -9999 -9999 -9999 24 23 20 17 17 13 14 15 16 19 17 16 17 15 15 14 12 11 10 12 13 14 16 21 27 37 37 33 23 19 16 16 14 12 11 9 9 7 6 8 7 6 3 5 4 3 3 4 5 3 4 6 9 11 60 125 185 237 267 267 249 207
-9999 -9999 -9999 -9999 -9999 -9999 -9999 -9999 -9999 -9999 -9999 -9999 -9999 -9999 -9999 -9999 -9999 -9999 -9999 -9999 -9999 -9999 -9999 -9999 -9999 -9999 25 23 21 19 18 16 17 16 17 19 17 16 21 21 27 27 21 19 17 18 16 19 26 37 43 49 46 41 28 20 18 16 12 13 10 11 8 8 7 6 6 5 6 6 4 4 4 3 3 4 5 6 11 43 109 175 245 298 330 333 304 254
-9999 -9999 -9999 -9999 -9999 -9999 -9999 -9999 -9999 -9999 -9999 -9999 -9999 -9999 -9999 -9999 -9999 -9999 -9999 -9999 -9999 -9999 -9999 -9999 -9999 65 24 24 23 20 18 17 18 17 16 15 16 14 32 49 59 61 60 57 54 49 44 43 45 53 52 47 42 34 25 21 21 13 13 13 13 10 8 8 8 10 9 9 6 5 4 4 3 3 3 5 5 8 37 86 155 231 301 356 388 385 355 296
-9999 -9999 -9999 -9999 -9999 -9999 -9999 -9999 -9999 -9999 -9999 -9999 -9999 -9999 -9999 -9999 -9999 -9999 -9999 -9999 -9999 -9999 -9999 -9999 -9999 -9999 26 23 23 20 19 18 17 18 16 16 17 29 54 77 93 97 98 100 93 87 77 70 58 57 51 38 30 25 21 21 20 16 13 12 10 9 10 10 15 19 17 8 8 7 4 3 3 4 4 5 9 28 68 130 200 281 354 419 443 442 398 337
-9999 -9999 -9999 -9999 -9999 -9999 -9999 -9999 -9999 -9999 -9999 -9999 -9999 -9999 -9999 -9999 -9999 -9999 -9999 -9999 -9999 -9999 -9999 -9999 -9999 -9999 -9999 22 24 22 19 19 19 20 19 19 19 56 85 111 131 144 143 144 134 123 107 94 74 56 42 29 15 16 17 14 17 16 14 11 10 9 9 10 19 22 20 9 9 8 4 4 4 4 14 16 29 59 104 169 246 339 417 475 500 484 435 356
-9999 -9999 -9999 -9999 -9999 -9999 -9999 -9999 -9999 -9999 -9999 -9999 -9999 -9999 -9999 -9999 -9999 -9999 -9999 -9999 -9999 -9999 -9999 -9999 -9999 -9999 -9999 25 26 24 22 21 20 20 20 19 42 82 119 145 175 187 194 187 176 162 144 116 86 64 41 22 11 11 12 15 11 12 9 9 10 9 9 14 14 16 14 11 7 7 6 3 15 15 16 31 49 91 141 215 301 390 468 525 543 518 460 372
-9999 -9999 -9999 -9999 -9999 -9999 -9999 -9999 -9999 -9999 -9999 -9999 -9999 -9999 -9999 -9999 -9999 -9999 -9999 -9999 -9999 -9999 -9999 -9999 -9999 -9999 -9999 22 28 27 24 22 22 20 23 23 65 112 155 192 213 231 237 231 217 196 171 135 101 71 44 20 9 7 8 7 8 7 7 7 8 9 9 14 14 14 13 13 13 7 4 3 4 20 21 39 77 118 183 262 357 447 521 563 571 540 471 382
-9999 -9999 -9999 -9999 -9999 -9999 -9999 -9999 -9999 -9999 -9999 -9999 -9999 -9999 -9999 -9999 -9999 -9999 -9999 -9999 -9999 -9999 -9999 -9999 -9999 -9999 -9999 33 25 25 24 24 22 23 21 41 91 138 183 218 250 272 279 264 248 218 188 148 110 75 45 14 5 5 6 6 6 7 6 6 8 12 13 13 12 13 12 12 13 9 8 5 5 5 25 59 102 157 230 314 410 495 569 602 592 554 474 375
-9999 -9999 -9999 -9999 -9999 -9999 -9999 -9999 -9999 -9999 -9999 -9999 -9999 -9999 -9999 -9999 -9999 -9999 -9999 -9999 -9999 -9999 -9999 -9999 -9999 -9999 -9999 75 24 25 25 23 22 21 27 67 119 167 211 253 286 303 306 291 266 232 195 154 112 73 38 12 4 4 5 5 5 6 5 6 5 10 11 11 10 12 11 12 8 8 9 7 8 12 30 75 127 194 277 370 459 546 601 623 610 541 466 361
-9999 -9999 -9999 -9999 -9999 -9999 -9999 -9999 -9999 -9999 -9999 -9999 -9999 -9999 -9999 -9999 -9999 -9999 -9999 -9999 -9999 -9999 -9999 -9999 -9999 -9999 -9999 -9999 89 49 28 22 21 36 67 109 158 206 249 292 319 333 333 310 274 235 196 154 109 64 34 8 3 3 3 4 4 4 5 5 6 3 3 4 11 11 12 8 8 8 8 9 11 13 38 97 161 236 329 418 506 575 619 629 597 527 444 348
-9999 -9999 -9999 -9999 -9999 -9999 -9999 -9999 -9999 -9999 -9999 -9999 -9999 -9999 -9999 -9999 -9999 -9999 -9999 -9999 -9999 -9999 -9999 -9999 -9999 -9999 -9999 -9999 178 135 105 90 90 97 123 163 207 249 294 326 350 356 342 310 274 227 185 140 93 54 22 3 3 2 3 3 3 3 1 3 4 2 3 4 13 12 6 7 8 8 11 11 13 14 59 124 197 281 368 452 533 588 622 618 576 508 415 324
-9999 -9999 -9999 -9999 -9999 -9999 -9999 -9999 -9999 -9999 -9999 -9999 -9999 -9999 -9999 -9999 -9999 -9999 -9999 -9999 -9999 -9999 -9999 -9999 -9999 -9999 -9999 -9999 286 237 205 183 175 181 198 230 267 298 333 351 371 368 346 308 264 214 169 120 82 42 16 3 2 2 2 2 3 1 1 2 2 3 12 13 13 12 6 7 8 10 10 12 14 19 77 149 228 307 392 469 537 582 597 588 540 469 381 291
-9999 -9999 -9999 -9999 -9999 -9999 -9999 -9999 -9999 -9999 -9999 -9999 -9999 -9999 -9999 -9999 -9999 -9999 -9999 -9999 -9999 -9999 -9999 -9999 -9999 -9999 -9999 -9999 -9999 -9999 329 295 277 273 285 304 324 347 362 381 384 367 340 297 247 202 152 103 68 39 11 2 2 2 2 2 7 10 9 3 4 24 13 13 12 12 7 9 9 10 10 11 12 33 95 171 244 320 394 463 514 551 558 538 489 425 343 255
-9999 -9999 -9999 -9999 -9999 -9999 -9999 -9999 -9999 -9999 -9999 -9999 -9999 -9999 -9999 -9999 -9999 -9999 -9999 -9999 -9999 -9999 -9999 -9999 -9999 -9999 -9999 -9999 -9999 -9999 -9999 -9999 388 374 369 372 377 387 398 398 387 365 330 283 229 177 132 89 62 37 17 12 12 16 28 40 39 40 38 33 29 24 13 14 12 13 9 9 9 10 11 11 12 42 102 175 243 311 373 425 474 496 498 475 430 370 295 222
-9999 -9999 -9999 -9999 -9999 -9999 -9999 -9999 -9999 -9999 -9999 -9999 -9999 -9999 -9999 -9999 -9999 -9999 -9999 -9999 -9999 -9999 -9999 -9999 -9999 -9999 -9999 -9999 -9999 -9999 -9999 -9999 495 464 440 428 425 417 409 405 383 353 310 265 212 161 119 80 55 35 27 24 31 43 57 69 72 75 76 70 64 58 48 31 15 15 9 9 9 11 11 11 12 44 97 157 215 273 328 375 407 420 417 403 366 311 245 182
-9999 -9999 -9999 -9999 -9999 -9999 -9999 -9999 -9999 -9999 -9999 -9999 -9999 -9999 -9999 -9999 -9999 -9999 -9999 -9999 -9999 -9999 -9999 -9999 -9999 -9999 -9999 -9999 -9999 -9999 -9999 -9999 595 546 506 475 454 434 410 391 362 329 289 242 195 146 108 78 53 42 42 46 57 73 85 103 107 115 118 112 107 101 89 69 49 25 9 9 10 10 11 11 11 44 87 130 178 223 260 294 319 330 326 316 288 252 204 150
-9999 -9999 -9999 -9999 -9999 -9999 -9999 -9999 -9999 -9999 -9999 -9999 -9999 -9999 -9999 -9999 -9999 -9999 -9999 -9999 -9999 -9999 -9999 -9999 -9999 -9999 -9999 -9999 -9999 -9999 -9999 -9999 -9999 597 540 496 452 421 394 367 332 300 261 217 173 134 104 83 65 57 63 77 90 97 114 129 139 151 160 159 151 141 128 111 83 56 32 10 10 10 11 11 21 45 74 104 136 169 200 223 240 246 246 235 214 188 158 119
-9999 -9999 -9999 -9999 -9999 -9999 -9999 -9999 -9999 -9999 -9999 -9999 -9999 -9999 -9999 -9999 -9999 -9999 -9999 -9999 -9999 -9999 -9999 -9999 -9999 -9999 -9999 -9999 -9999 -9999 -9999 -9999 -9999 619 548 483 436 394 361 330 298 269 233 198 159 127 101 85 78 71 78 86 101 115 131 148 168 174 184 192 194 180 165 141 116 89 63 39 24 13 10 16 29 43 58 74 93 116 135 154 165 174 171 167 155 139 124 91
-9999 -9999 -9999 -9999 -9999 -9999 -9999 -9999 -9999 -9999 -9999 -9999 -9999 -9999 -9999 -9999 -9999 -9999 -9999 -9999 -9999 -9999 -9999 -9999 -9999 -9999 -9999 -9999 -9999 -9999 -9999 -9999 -9999 -9999 523 457 404 361 323 290 262 237 207 178 149 126 107 94 85 93 100 107 117 131 145 160 176 191 199 205 203 198 186 166 141 114 87 66 52 42 35 34 38 42 46 52 61 68 83 94 102 108 110 114 113 105 91 75
-9999 -9999 -9999 -9999 -9999 -9999 -9999 -9999 -9999 -9999 -9999 -9999 -9999 -9999 -9999 -9999 -9999 -9999 -9999 -9999 -9999 -9999 -9999 -9999 -9999 -9999 -9999 -9999 -9999 -9999 -9999 -9999 -9999 -9999 489 414 354 307 277 246 224 202 184 166 145 131 120 113 114 119 122 129 137 144 153 164 176 189 197 203 201 199 190 181 157 136 111 95 82 70 64 50 47 40 34 33 32 33 37 44 55 66 72 80 86 86 80 75
-9999 -9999 -9999 -9999 -9999 -9999 -9999 -9999 -9999 -9999 -9999 -9999 -9999 -9999 -9999 -9999 -9999 -9999 -9999 -9999 -9999 -9999 -9999 -9999 -9999 -9999 -9999 -9999 -9999 -9999 905 -9999 -9999 535 441 365 298 251 218 202 186 174 163 156 150 140 135 137 138 142 144 144 148 151 153 154 166 175 184 186 192 194 192 182 166 153 135 118 100 87 72 62 48 35 28 18 10 4 7 14 28 40 54 65 78 83 84 84
-9999 -9999 -9999 -9999 -9999 -9999 -9999 -9999 -9999 -9999 -9999 -9999 -9999 -9999 -9999 -9999 -9999 -9999 -9999 -9999 -9999 -9999 -9999 -9999 -9999 -9999 -9999 -9999 1153 1034 848 713 593 486 394 309 249 206 178 160 154 150 149 147 149 151 155 160 162 163 158 158 153 148 141 142 143 151 157 167 175 177 175 176 165 156 142 127 114 95 80 68 48 30 17 5 3 4 7 17 17 36 53 70 87 96 101 105
-9999 -9999 -9999 -9999 -9999 -9999 -9999 -9999 -9999 -9999 -9999 -9999 -9999 -9999 -9999 -9999 -9999 -9999 -9999 -9999 -9999 -9999 1360 -9999 -9999 -9999 -9999 -9999 -9999 -9999 768 642 532 432 347 266 211 167 145 131 129 129 138 145 154 163 176 177 181 178 170 162 154 141 129 124 121 122 132 140 151 150 159 162 158 150 141 129 116 100 84 59 44 23 7 5 3 6 6 6 24 46 67 89 106 121 126 131
-9999 -9999 -9999 -9999 -9999 -9999 -9999 -9999 -9999 -9999 -9999 -9999 -9999 -9999 -9999 -9999 -9999 -9999 764 926 1111 1228 -7557 -9999 -9999 -9999 -9999 -9999 -9999 -7557 682 569 476 387 310 232 182 145 123 114 115 120 132 142 158 173 -7557 194 194 190 176 164 149 132 113 104 99 98 103 112 121 130 138 147 146 141 133 120 106 89 71 53 32 15 13 4 4 4 19 18 41 67 91 117 137 149 160 159
-9999 -9999 -9999 -9999 -9999 -9999 -9999 -9999 -9999 -9999 -9999 -9999 -9999 -9999 -9999 -9999 -9999 -9999 714 -7557 -7557 1128 1164 1164 -9999 -9999 -9999 -9999 -7557 -7557 596 503 429 347 280 217 170 139 118 110 114 120 132 149 166 180 190 201 197 191 177 155 136 114 99 87 81 80 80 91 103 113 123 128 131 127 118 105 86 69 52 40 24 8 8 6 4 4 18 37 60 88 115 146 169 182 191 184
-9999 -9999 -9999 -9999 -9999 -9999 -9999 -9999 -9999 -9999 -9999 -9999 -9999 -9999 -9999 -9999 -9999 -9999 -7557 -7557 -7557 928 -7557 988 950 -9999 -9999 -9999 -7557 587 505 437 374 319 265 219 174 146 130 122 123 130 143 157 173 185 189 195 191 184 167 147 120 102 86 72 67 63 69 77 89 -7557 107 114 116 110 98 84 70 51 35 22 11 8 8 7 9 9 27 51 78 111 143 173 194 210 214 205
-9999 -9999 -9999 -9999 -9999 -9999 -9999 -9999 -9999 -9999 -9999 -9999 -9999 -9999 -9999 -9999 -9999 -7557 635 -7557 -7557 -7557 803 806 750 -9999 -9999 593 -7557 482 433 -7557 339 -7557 260 228 193 169 155 151 148 149 158 170 182 188 195 197 185 173 152 134 110 85 71 63 59 57 65 73 84 91 97 102 95 90 75 61 47 32 16 8 8 8 7 7 14 14 32 57 85 120 155 190 214 224 224 211
-9999 -9999 -9999 -9999 -9999 -9999 -9999 -9999 -9999 -9999 -9999 -9999 -9999 -9999 -9999 -9999 -9999 -7557 -7557 -7557 658 665 662 627 591 549 510 476 429 397 369 341 310 289 270 249 225 205 195 191 187 184 186 191 198 200 197 190 179 159 138 113 -7557 73 62 58 57 64 73 78 85 91 94 91 82 68 55 40 25 10 8 8 8 8 6 6 6 14 33 54 86 117 164 192 218 224 222 206
-9999 -9999 -9999 -9999 -9999 -9999 -9999 -9999 -9999 -9999 -9999 -9999 -9999 -9999 -9999 -9999 -9999 -9999 -7557 566 572 567 542 511 471 433 -7557 365 338 323 310 298 291 287 279 274 269 264 248 241 233 230 226 222 220 213 202 188 170 147 124 97 79 68 -7557 63 66 77 83 95 100 100 93 85 71 54 39 20 8 6 7 7 7 7 7 7 6 8 19 44 69 106 144 177 203 211 210 193
-9999 -9999 -9999 -9999 -9999 -9999 -9999 -9999 -9999 -9999 -9999 -9999 -9999 -9999 -9999 -9999 -9999 -9999 495 498 492 474 442 404 362 323 291 271 261 260 264 271 282 287 296 305 313 -7557 315 306 299 290 278 268 250 231 210 184 159 134 109 87 70 64 68 74 86 98 109 117 120 116 104 90 72 51 33 13 7 7 7 6 6 7 7 7 7 9 6 15 47 79 116 151 173 186 181 169
-9999 -9999 -9999 -9999 -9999 -9999 -9999 -9999 -9999 -9999 -9999 -9999 -9999 -9999 -9999 -9999 -9999 -9999 -7557 428 414 385 350 315 275 241 216 204 197 207 225 250 271 293 319 345 358 372 378 380 374 359 340 319 287 259 222 188 155 128 101 81 71 69 80 93 111 129 148 159 162 152 132 110 88 64 41 19 6 7 7 7 6 6 6 7 7 7 6 5 18 49 -7557 -7557 139 153 150 137
-9999 -9999 -9999 -9999 -9999 -9999 -9999 -9999 -9999 -9999 -9999 -9999 -9999 -9999 -9999 -9999 -9999 -9999 -9999 353 -7557 305 277 245 214 183 164 154 157 174 194 227 262 302 342 381 405 428 446 453 449 430 401 366 330 282 244 202 159 127 101 87 82 89 108 132 160 183 204 220 219 205 181 150 122 91 64 39 22 7 7 8 7 6 6 7 7 7 6 5 -7557 18 49 80 103 113 116 106
-9999 -9999 -9999 -9999 -9999 -9999 -9999 -9999 -9999 -9999 -9999 -9999 -9999 -9999 -9999 -9999 -9999 -9999 -7557 -7557 -7557 242 218 196 -7557 144 132 126 130 147 172 213 253 301 -7557 399 438 471 502 517 518 499 464 419 373 321 267 219 177 141 115 103 106 119 146 178 218 249 278 291 291 275 247 214 175 139 106 76 55 37 25 18 7 7 7 7 7 -7557 7 7 5 6 19 48 68 81 83 75
-9999 -9999 -9999 -9999 -9999 -9999 -9999 -9999 -9999 -9999 -9999 -9999 -9999 -9999 -9999 -9999 -9999 -9999 -9999 226 208 195 178 161 142 122 114 112 -7557 137 161 201 243 297 352 411 457 501 542 571 575 562 516 468 417 361 301 249 206 163 143 134 142 171 204 244 291 336 370 385 388 367 335 298 256 213 172 132 106 85 72 60 47 34 18 8 8 7 8 7 6 6 6 22 42 58 62 56
-9999 -9999 -9999 -9999 -9999 -9999 -9999 -9999 -9999 -9999 -9999 -9999 -9999 -9999 -9999 -9999 -9999 -9999 -9999 -9999 162 155 151 -7557 135 124 117 116 118 131 -7557 193 234 288 345 409 470 -7557 572 607 615 604 571 528 463 405 347 288 241 204 184 185 200 233 279 340 409 459 495 507 508 489 449 407 357 307 261 219 182 157 136 120 105 90 67 37 15 8 8 7 6 6 6 19 35 49 53 50
-9999 -9999 -9999 -9999 -9999 -9999 -9999 -9999 -9999 -9999 -9999 -9999 -9999 -9999 -9999 -9999 -9999 -9999 -9999 -7557 139 140 146 146 144 139 137 129 131 138 -7557 185 224 -7557 -7557 401 463 -7557 -7557 625 644 639 610 575 516 447 392 338 291 262 249 257 282 327 387 450 527 579 -7557 660 655 638 593 543 475 419 371 325 287 252 225 207 188 164 136 108 73 44 16 8 7 7 16 35 49 -7557 70 67
