data/fwi_grid_demo/dc_20190124.txt
ncols 177
nrows 174
xllcorner  1436301.375
yllcorner    4916704.5
cellsize 1500
NODATA_value -9999
[rows 78 to 116 of 174, columns 88 to 175 of 177]
16 16 17 14 14 13 10 12 13 36 48 46 17 11 6 4 8 3 2 2 3 4 2 4 4 5 4 6 7 8 6 5 9 9 1 4 2 1 10 9 53 105 169 -9999 -9999 -9999 -9999 -9999 -9999 -9999 -9999 -9999 -9999 -9999 -9999 -9999 -9999 -9999 -9999 -9999 -9999 -9999 -9999 -9999 -9999 -9999 -9999 -9999 -9999 -9999 -9999 -9999 -9999 -9999 -9999 -9999 -9999 -9999 -9999 -9999 -9999 -9999 -9999 -9999 -9999 -9999 -9999 -9999
46 17 14 12 11 10 10 10 26 53 67 42 38 4 8 8 7 7 6 2 1 1 1 2 5 5 5 5 6 8 4 5 8 5 4 3 2 2 14 21 81 154 -9999 -9999 -9999 -9999 -9999 -9999 -9999 -9999 -9999 -9999 -9999 -9999 -9999 -9999 -9999 -9999 -9999 -9999 -9999 -9999 -9999 -9999 -9999 -9999 -9999 -9999 -9999 -9999 -9999 -9999 -9999 -9999 -9999 -9999 -9999 -9999 -9999 -9999 -9999 -9999 -9999 -9999 -9999 -9999 -9999 -9999
93 39 15 12 11 13 12 16 48 74 79 67 53 25 6 4 5 6 7 7 4 5 1 2 3 5 5 5 6 6 8 9 10 9 5 8 5 10 14 51 121 209 -9999 -9999 -9999 -9999 -9999 -9999 -9999 -9999 -9999 -9999 -9999 -9999 -9999 -9999 -9999 -9999 -9999 -9999 -9999 -9999 -9999 -9999 -9999 -9999 -9999 -9999 -9999 -9999 -9999 -9999 -9999 -9999 -9999 -9999 -9999 -9999 -9999 -9999 -9999 -9999 -9999 -9999 -9999 -9999 -9999 -9999
149 88 39 11 12 10 11 41 73 96 117 111 99 77 25 22 6 7 1 4 4 4 1 4 4 3 6 6 6 7 10 5 9 10 7 11 9 12 18 85 174 -9999 -9999 -9999 -9999 -9999 -9999 -9999 -9999 -9999 -9999 -9999 -9999 -9999 -9999 -9999 -9999 -9999 -9999 -9999 -9999 -9999 -9999 -9999 -9999 -9999 -9999 -9999 -9999 -9999 -9999 -9999 -9999 -9999 -9999 -9999 -9999 -9999 -9999 -9999 -9999 -9999 -9999 -9999 -9999 -9999 -9999 -9999
193 130 74 34 16 16 36 68 105 137 154 160 145 122 59 5 6 7 4 1 1 1 1 4 3 4 6 4 7 7 6 7 10 10 8 10 8 9 53 132 -9999 -9999 -9999 -9999 -9999 -9999 -9999 -9999 -9999 -9999 -9999 -9999 -9999 -9999 -9999 -9999 -9999 -9999 -9999 -9999 -9999 -9999 -9999 -9999 -9999 -9999 -9999 -9999 -9999 -9999 -9999 -9999 -9999 -9999 -9999 -9999 -9999 -9999 -9999 -9999 -9999 -9999 -9999 -9999 -9999 -9999 -9999 -9999
230 158 99 59 37 39 61 94 132 165 190 196 183 156 109 41 21 6 6 4 1 1 5 6 6 6 6 8 7 5 7 9 7 6 7 7 9 34 103 -9999 -9999 -9999 -9999 -9999 -9999 -9999 -9999 -9999 -9999 -9999 -9999 -9999 -9999 -9999 -9999 -9999 -9999 -9999 -9999 -9999 -9999 -9999 -9999 -9999 -9999 -9999 -9999 -9999 -9999 -9999 -9999 -9999 -9999 -9999 -9999 -9999 -9999 -9999 -9999 -9999 -9999 -9999 -9999 -9999 -9999 -9999 -9999 -9999
259 184 117 77 55 58 76 109 153 191 217 228 215 190 143 98 49 7 5 4 5 4 4 3 1 2 4 7 6 7 8 9 10 9 8 10 32 91 163 -9999 -9999 -9999 -9999 -9999 -9999 -9999 -9999 -9999 -9999 -9999 -9999 -9999 -9999 -9999 -9999 -9999 -9999 -9999 -9999 -9999 -9999 -9999 -9999 -9999 -9999 -9999 -9999 -9999 -9999 -9999 -9999 -9999 -9999 -9999 -9999 -9999 -9999 -9999 -9999 -9999 -9999 -9999 -9999 -9999 -9999 -9999 -9999 -9999
276 199 133 87 58 67 86 123 165 206 236 248 235 216 169 121 68 18 16 4 5 5 6 4 2 2 3 5 7 8 9 9 11 10 18 50 93 158 239 -9999 -9999 -9999 -9999 -9999 -9999 -9999 -9999 -9999 -9999 -9999 -9999 -9999 -9999 -9999 -9999 -9999 -9999 -9999 -9999 -9999 -9999 -9999 -9999 -9999 -9999 -9999 -9999 -9999 -9999 -9999 -9999 -9999 -9999 -9999 -9999 -9999 -9999 -9999 -9999 -9999 -9999 -9999 -9999 -9999 -9999 -9999 -9999 -9999
281 200 133 88 66 69 92 130 174 216 248 261 253 229 185 137 83 39 37 4 5 6 6 6 4 5 20 38 62 71 73 65 62 71 87 117 164 233 316 -9999 -9999 -9999 -9999 -9999 -9999 -9999 -9999 -9999 -9999 -9999 -9999 -9999 -9999 -9999 -9999 -9999 -9999 -9999 -9999 -9999 -9999 -9999 -9999 -9999 -9999 -9999 -9999 -9999 -9999 -9999 -9999 -9999 -9999 -9999 -9999 -9999 -9999 -9999 -9999 -9999 -9999 -9999 -9999 -9999 -9999 -9999 -9999 -9999
282 199 127 83 62 66 88 126 175 218 246 267 258 231 194 142 98 52 12 12 6 6 4 7 17 63 92 127 143 151 153 143 138 150 169 200 248 313 392 -9999 -9999 -9999 -9999 -9999 -9999 -9999 -9999 -9999 -9999 -9999 -9999 -9999 -9999 -9999 -9999 -9999 -9999 -9999 -9999 -9999 -9999 -9999 -9999 -9999 -9999 -9999 -9999 -9999 -9999 -9999 -9999 -9999 -9999 -9999 -9999 -9999 -9999 -9999 -9999 -9999 -9999 -9999 -9999 -9999 -9999 -9999 -9999 -9999
270 183 116 69 51 56 78 118 158 202 242 258 248 228 195 149 106 63 29 6 6 2 17 55 95 130 177 211 231 244 243 240 232 242 260 291 332 385 463 -9999 -9999 -9999 -9999 -9999 -9999 -9999 -9999 -9999 -9999 -9999 -9999 -9999 -9999 -9999 -9999 -9999 -9999 -9999 -9999 -9999 -9999 -9999 -9999 -9999 -9999 -9999 -9999 -9999 -9999 -9999 -9999 -9999 -9999 -9999 -9999 -9999 -9999 -9999 -9999 -9999 -9999 -9999 -9999 -9999 -9999 -9999 -9999 -9999
258 169 100 57 38 41 63 100 146 187 223 240 233 217 189 151 112 74 49 41 45 56 86 124 167 219 264 298 324 341 350 345 336 336 353 370 399 458 516 603 -9999 -9999 -9999 -9999 -9999 -9999 -9999 -9999 -9999 -9999 -9999 -9999 -9999 -9999 -9999 -9999 -9999 -9999 -9999 -9999 -9999 -9999 -9999 -9999 -9999 -9999 -9999 -9999 -9999 -9999 -9999 -9999 -9999 -9999 -9999 -9999 -9999 -9999 -9999 -9999 -9999 -9999 -9999 -9999 -9999 -9999 -9999 -9999
246 154 88 45 25 26 47 78 122 163 197 211 213 201 178 152 120 96 80 79 89 115 159 202 256 313 363 400 434 446 450 443 433 436 432 440 465 498 553 612 -9999 -9999 -9999 -9999 -9999 -9999 -9999 -9999 -9999 -9999 -9999 -9999 -9999 -9999 -9999 -9999 -9999 -9999 -9999 -9999 -9999 -9999 -9999 -9999 -9999 -9999 -9999 -9999 -9999 -9999 -9999 -9999 -9999 -9999 -9999 -9999 -9999 -9999 -9999 -9999 -9999 -9999 -9999 -9999 -9999 -9999 -9999 -9999
222 141 74 35 14 11 27 54 93 133 165 184 189 185 166 147 128 118 115 123 147 181 235 292 351 411 464 505 534 549 549 539 529 510 496 492 503 521 552 592 -9999 -9999 -9999 -9999 -9999 -9999 -9999 -9999 -9999 -9999 -9999 -9999 -9999 -9999 -9999 -9999 -9999 -9999 -9999 -9999 -9999 -9999 -9999 -9999 -9999 -9999 -9999 -9999 -9999 -9999 -9999 -9999 -9999 -9999 -9999 -9999 -9999 -9999 -9999 -9999 -9999 -9999 -9999 -9999 -9999 -9999 -9999 -9999
198 123 66 25 7 5 8 29 62 98 130 149 161 158 154 142 138 139 150 172 207 259 318 383 450 509 573 620 634 642 638 614 584 556 532 515 505 516 521 542 -9999 -9999 -9999 -9999 -9999 -9999 -9999 -9999 -9999 -9999 -9999 -9999 -9999 -9999 -9999 -9999 -9999 -9999 -9999 -9999 -9999 -9999 -9999 -9999 -9999 -9999 -9999 -9999 -9999 -9999 -9999 -9999 -9999 -9999 -9999 -9999 -9999 -9999 -9999 -9999 -9999 -9999 -9999 -9999 -9999 -9999 -9999 -9999
180 105 53 15 5 6 4 7 33 61 87 110 126 132 139 145 149 165 190 224 276 338 407 483 555 632 683 727 747 752 706 672 634 586 549 519 496 474 462 471 -9999 -9999 -9999 -9999 -9999 -9999 -9999 -9999 -9999 -9999 -9999 -9999 -9999 -9999 -9999 -9999 -9999 -9999 -9999 -9999 -9999 -9999 -9999 -9999 -9999 -9999 -9999 -9999 -9999 -9999 -9999 -9999 -9999 -9999 -9999 -9999 -9999 -9999 -9999 -9999 -9999 -9999 -9999 -9999 -9999 -9999 -9999 -9999
152 93 43 7 4 4 4 4 4 23 49 72 92 107 122 137 157 187 225 276 346 422 501 594 670 733 811 831 844 822 773 703 651 599 552 496 450 419 392 373 -9999 -9999 -9999 -9999 -9999 -9999 -9999 -9999 -9999 -9999 -9999 -9999 -9999 -9999 -9999 -9999 -9999 -9999 -9999 -9999 -9999 -9999 -9999 -9999 -9999 -9999 -9999 -9999 -9999 -9999 -9999 -9999 -9999 -9999 -9999 -9999 -9999 -9999 -9999 -9999 -9999 -9999 -9999 -9999 -9999 -9999 -9999 -9999
123 73 29 6 5 5 4 4 4 12 11 31 55 75 94 124 155 198 251 327 411 499 593 684 774 862 889 911 912 873 821 727 642 575 515 450 390 347 307 279 -9999 -9999 -9999 -9999 -9999 -9999 -9999 -9999 -9999 -9999 -9999 -9999 -9999 -9999 -9999 -9999 -9999 -9999 -9999 -9999 -9999 -9999 -9999 -9999 -9999 -9999 -9999 -9999 -9999 -9999 -9999 -9999 -9999 -9999 -9999 -9999 -9999 -9999 -9999 -9999 -9999 -9999 -9999 -9999 -9999 -9999 -9999 -9999
96 54 17 4 4 4 4 3 5 11 11 16 16 43 72 108 153 208 275 362 465 570 672 779 888 938 990 978 940 889 821 715 627 527 449 382 320 271 219 185 -9999 -9999 -9999 -9999 -9999 -9999 -9999 -9999 -9999 -9999 -9999 -9999 -9999 -9999 -9999 -9999 -9999 -9999 -9999 -9999 -9999 -9999 -9999 -9999 -9999 -9999 -9999 -9999 -9999 -9999 -9999 -9999 -9999 -9999 -9999 -9999 -9999 -9999 -9999 -9999 -9999 -9999 -9999 -9999 -9999 -9999 -9999 -9999
77 41 10 4 4 4 4 4 12 11 11 16 13 13 48 90 146 212 294 401 517 620 730 868 959 1042 1036 1008 955 886 802 666 567 479 392 325 255 197 144 109 -9999 80 -9999 -9999 -9999 -9999 -9999 -9999 -9999 -9999 -9999 -9999 -9999 -9999 -9999 -9999 -9999 -9999 -9999 -9999 -9999 -9999 -9999 -9999 -9999 -9999 -9999 -9999 -9999 -9999 -9999 -9999 -9999 -9999 -9999 -9999 -9999 -9999 -9999 -9999 -9999 -9999 -9999 -9999 -9999 -9999 -9999 -9999
62 34 8 4 4 6 5 5 11 11 16 13 13 18 18 69 133 212 308 432 548 670 796 936 1031 1087 1062 1023 954 873 735 620 518 418 337 264 199 141 85 46 22 13 26 69 -9999 -9999 -9999 -9999 -9999 -9999 -9999 -9999 -9999 -9999 -9999 -9999 -9999 -9999 -9999 -9999 -9999 -9999 -9999 -9999 -9999 -9999 -9999 -9999 -9999 -9999 -9999 -9999 -9999 -9999 -9999 -9999 -9999 -9999 -9999 -9999 -9999 -9999 -9999 -9999 -9999 -9999 -9999 -9999
57 35 16 16 5 16 5 5 4 5 13 13 18 18 48 49 117 205 316 451 575 704 835 960 1057 1106 1072 1025 941 813 700 582 467 373 289 218 158 96 42 11 5 3 17 16 -9999 -9999 -9999 -9999 -9999 -9999 -9999 -9999 -9999 -9999 -9999 -9999 -9999 -9999 -9999 -9999 -9999 -9999 -9999 -9999 -9999 -9999 -9999 -9999 -9999 -9999 -9999 -9999 -9999 -9999 -9999 -9999 -9999 -9999 -9999 -9999 -9999 -9999 -9999 -9999 -9999 -9999 -9999 -9999
62 46 28 16 16 16 4 5 5 14 5 3 18 39 40 41 112 206 320 467 594 738 871 1006 1071 1069 1065 1007 879 781 665 530 431 337 256 185 125 67 19 10 8 3 16 13 -9999 -9999 -9999 -9999 -9999 -9999 -9999 -9999 -9999 -9999 -9999 -9999 -9999 -9999 -9999 -9999 -9999 -9999 -9999 -9999 -9999 -9999 -9999 -9999 -9999 -9999 -9999 -9999 -9999 -9999 -9999 -9999 -9999 -9999 -9999 -9999 -9999 -9999 -9999 -9999 -9999 -9999 -9999 -9999
77 63 51 41 29 15 4 4 15 11 5 2 6 13 45 45 120 215 337 483 619 756 891 1006 1065 1063 1024 934 830 723 622 501 405 311 238 169 112 49 17 10 5 3 20 12 -9999 -9999 -9999 -9999 -9999 -9999 -9999 -9999 -9999 -9999 -9999 -9999 -9999 -9999 -9999 -9999 -9999 -9999 -9999 -9999 -9999 -9999 -9999 -9999 -9999 -9999 -9999 -9999 -9999 -9999 -9999 -9999 -9999 -9999 -9999 -9999 -9999 -9999 -9999 -9999 -9999 -9999 -9999 -9999
98 85 77 66 54 39 26 14 14 10 5 2 6 13 14 68 141 239 371 503 649 790 911 990 1027 1030 971 872 782 677 580 476 381 301 230 164 109 54 17 8 5 3 18 -9999 -9999 -9999 -9999 -9999 -9999 -9999 -9999 -9999 -9999 -9999 -9999 -9999 -9999 -9999 -9999 -9999 -9999 -9999 -9999 -9999 -9999 -9999 -9999 -9999 -9999 -9999 -9999 -9999 -9999 -9999 -9999 -9999 -9999 -9999 -9999 -9999 -9999 -9999 -9999 -9999 -9999 -9999 -9999 -9999
125 112 99 88 75 60 47 36 21 10 4 2 6 23 54 109 182 279 410 534 673 797 898 977 998 974 904 814 719 630 541 455 365 296 230 171 119 69 25 8 7 4 17 -9999 -9999 -9999 -9999 -9999 -9999 -9999 -9999 -9999 -9999 -9999 -9999 -9999 -9999 -9999 -9999 -9999 -9999 -9999 -9999 -9999 -9999 -9999 -9999 -9999 -9999 -9999 -9999 -9999 -9999 -9999 -9999 -9999 -9999 -9999 -9999 -9999 -9999 -9999 -9999 -9999 -9999 -9999 -9999 -9999
151 134 119 105 92 75 65 53 47 40 40 41 51 72 110 165 237 337 455 585 712 798 880 922 926 898 823 750 657 575 496 425 354 290 241 186 136 94 47 14 13 19 18 15 -9999 -9999 -9999 -9999 -9999 -9999 -9999 -9999 -9999 -9999 -9999 -9999 -9999 -9999 -9999 -9999 -9999 -9999 -9999 -9999 -9999 -9999 -9999 -9999 -9999 -9999 -9999 -9999 -9999 -9999 -9999 -9999 -9999 -9999 -9999 -9999 -9999 -9999 -9999 -9999 -9999 -9999 -9999 -9999
173 151 133 115 98 84 78 72 64 69 74 87 105 133 177 235 311 414 515 626 728 812 859 872 868 818 749 665 592 518 452 390 338 290 247 203 166 127 85 52 28 16 22 44 89 -9999 -9999 -9999 -9999 -9999 -9999 -9999 -9999 -9999 -9999 -9999 -9999 -9999 -9999 -9999 -9999 -9999 -9999 -9999 -9999 -9999 -9999 -9999 -9999 -9999 -9999 -9999 -9999 -9999 -9999 -9999 -9999 -9999 -9999 -9999 -9999 -9999 -9999 -9999 -9999 -9999 -9999 -9999
187 166 141 121 103 90 83 82 87 98 111 132 163 198 249 313 398 484 579 670 739 799 824 825 790 731 660 592 522 457 403 358 319 290 264 228 197 169 132 97 72 60 60 75 111 -9999 239 330 433 -9999 -9999 -9999 -9999 -9999 -9999 -9999 -9999 -9999 -9999 -9999 -9999 -9999 -9999 -9999 -9999 -9999 -9999 -9999 -9999 -9999 -9999 -9999 -9999 -9999 -9999 -9999 -9999 -9999 -9999 -9999 -9999 -9999 -9999 -9999 -9999 -9999 -9999 -9999
191 168 143 115 92 80 80 82 96 115 142 176 216 263 321 391 467 551 621 692 742 786 788 757 714 644 580 515 452 399 357 325 303 289 277 264 239 219 182 150 124 105 96 104 128 167 222 289 372 462 -9999 -9999 -9999 -9999 -9999 -9999 -9999 -9999 -9999 -9999 -9999 -9999 -9999 -9999 -9999 -9999 -9999 -9999 -9999 -9999 -9999 -9999 -9999 -9999 -9999 -9999 -9999 -9999 -9999 -9999 -9999 -9999 -9999 -9999 -9999 -9999 -9999 -9999
186 160 125 98 78 68 68 80 96 123 160 204 254 313 375 450 526 594 659 707 739 764 734 689 635 568 502 438 383 343 317 301 297 300 303 303 296 275 249 212 180 154 137 133 141 167 201 250 311 378 459 -9999 -9999 -9999 -9999 -9999 -9999 -9999 -9999 -9999 -9999 -9999 -9999 -9999 -9999 -9999 -9999 -9999 -9999 -9999 -9999 -9999 -9999 -9999 -9999 -9999 -9999 -9999 -9999 -9999 -9999 -9999 -9999 -9999 -9999 -9999 -9999 -9999
170 139 107 81 59 46 52 65 89 124 174 222 279 342 407 482 560 615 674 710 723 719 676 626 562 496 429 369 324 294 280 282 294 316 338 346 353 343 317 279 247 210 183 164 159 164 180 211 246 296 355 -9999 -9999 -9999 -9999 -9999 -9999 -9999 -9999 -9999 -9999 -9999 -9999 -9999 -9999 -9999 -9999 -9999 -9999 -9999 -9999 -9999 -9999 -9999 -9999 -9999 -9999 -9999 -9999 -9999 -9999 -9999 -9999 -9999 -9999 -9999 -9999 -9999
145 116 84 55 34 26 32 47 73 110 162 220 283 345 410 491 555 617 656 677 675 661 620 567 502 436 373 320 280 261 260 276 306 341 380 408 421 421 404 368 321 278 238 202 180 167 164 171 187 217 259 312 378 457 -9999 -9999 -9999 -9999 -9999 -9999 -9999 -9999 -9999 -9999 -9999 -9999 -9999 -9999 -9999 -9999 -9999 -9999 -9999 -9999 -9999 -9999 -9999 -9999 -9999 -9999 -9999 -9999 -9999 -9999 -9999 -9999 -9999 -9999
115 88 58 31 12 4 10 22 45 85 134 193 262 330 400 471 526 578 610 623 621 611 567 514 453 390 335 289 258 248 259 290 335 389 439 483 514 514 505 475 416 354 303 252 210 179 156 142 143 156 179 217 266 333 416 532 -9999 -9999 -9999 -9999 -9999 -9999 -9999 -9999 -9999 -9999 -9999 -9999 -9999 -9999 -9999 -9999 -9999 -9999 -9999 -9999 -9999 -9999 -9999 -9999 -9999 -9999 -9999 -9999 -9999 -9999 -9999 -9999
86 61 34 11 9 3 9 18 18 51 100 158 221 284 355 423 477 525 550 566 560 546 520 475 421 365 320 284 264 265 286 329 387 452 517 573 612 626 618 591 519 447 376 309 248 198 157 128 110 109 122 143 184 240 314 410 -9999 -9999 -9999 -9999 -9999 -9999 -9999 -9999 -9999 -9999 -9999 -9999 -9999 -9999 -9999 -9999 -9999 -9999 -9999 -9999 -9999 -9999 -9999 -9999 -9999 -9999 -9999 -9999 -9999 -9999 -9999 -9999
60 37 13 13 9 3 9 18 14 14 55 107 169 227 289 347 404 452 479 496 498 489 477 445 407 366 330 308 300 313 345 397 466 541 625 686 737 771 752 717 654 551 457 376 294 229 173 127 96 82 85 97 128 173 240 328 422 551 -9999 -9999 -9999 -9999 -9999 -9999 -9999 -9999 -9999 -9999 -9999 -9999 -9999 -9999 -9999 -9999 -9999 -9999 -9999 -9999 -9999 -9999 -9999 -9999 -9999 -9999 -9999 -9999 -9999 -9999
42 24 4 4 2 3 9 14 14 13 13 57 111 162 213 269 317 366 401 425 438 442 437 430 412 389 369 360 368 391 433 495 571 661 750 823 878 920 913 872 801 680 567 455 352 270 201 141 99 74 67 73 102 143 201 274 359 474 570 -9999 -9999 -9999 -9999 -9999 -9999 -9999 -9999 -9999 -9999 -9999 -9999 -9999 -9999 -9999 -9999 -9999 -9999 -9999 -9999 -9999 -9999 -9999 -9999 -9999 -9999 -9999 -9999 -9999
42 23 5 5 2 3 9 14 12 13 9 9 51 93 140 187 229 278 318 351 385 403 420 435 436 441 440 446 465 502 560 629 714 811 907 996 1068 1101 1115 1052 940 823 673 542 421 328 243 173 121 89 75 79 102 139 189 259 330 412 501 -9999 -9999 -9999 -9999 -9999 -9999 -9999 -9999 -9999 -9999 -9999 -9999 -9999 -9999 -9999 -9999 -9999 -9999 -9999 -9999 -9999 -9999 -9999 -9999 -9999 -9999 -9999 -9999 -9999
59 43 22 22 6 6 4 13 12 12 2 1 2 34 70 113 154 203 249 292 340 382 419 451 483 509 533 559 595 645 708 788 891 993 1132 1320 1445 1510 1584 1452 1165 951 808 648 510 399 296 219 158 123 105 110 128 162 209 268 335 396 452 -9999 -9999 -9999 -9999 -9999 -9999 -9999 -9999 -9999 -9999 -9999 -9999 -9999 -9999 -9999 -9999 -9999 -9999 -9999 -9999 -9999 -9999 -9999 -9999 -9999 -9999 -9999 -9999 -9999
