data/fwi_grid_demo/ffmc_20190129.txt
ncols 177
nrows 174
xllcorner  1436301.375
yllcorner    4916704.5
cellsize 1500
NODATA_value -9999
[rows 40 to 79 of 174, columns 0 to 90 of 177]
-9999 -9999 -9999 -9999 -9999 -9999 -9999 -9999 -9999 -9999 -9999 -9999 -9999 -9999 -9999 -9999 -9999 -9999 -9999 -9999 -9999 -9999 -9999 -9999 -9999 -9999 -9999 -9999 -9999 -9999 -9999 -9999 -9999 -9999 -9999 -9999 -9999 -9999 -9999 -9999 -9999 -9999 -9999 -9999 -9999 -9999 -9999 -9999 -9999 -9999 -9999 -9999 -9999 -7557 80 -7557 -7557 78 82 77 71 70 72 74 80 79 78 77 75 71 -7557 -7557 -7557 68 71 73 71 73 74 76 75 -7557 72 71 -7557 66 71 71 72 77 79
-9999 -9999 -9999 -9999 -9999 -9999 -9999 -9999 -9999 -9999 -9999 -9999 -9999 -9999 -9999 -9999 -9999 -9999 -9999 -9999 -9999 -9999 -9999 -9999 -9999 -9999 -9999 -9999 -9999 -9999 -9999 -9999 -9999 -9999 -9999 -9999 -9999 -9999 -9999 -9999 -9999 -9999 -9999 -9999 -9999 -9999 -9999 -9999 -9999 -9999 -9999 -9999 -7557 -7557 82 81 82 78 80 79 75 76 78 78 80 81 79 75 -7557 -7557 -7557 -7557 -7557 69 73 74 74 75 75 76 78 75 73 74 73 72 72 73 74 76 78
-9999 -9999 -9999 -9999 -9999 -9999 -9999 -9999 -9999 -9999 -9999 -9999 -9999 -9999 -9999 -9999 -9999 -9999 -9999 -9999 -9999 -9999 -9999 -9999 -9999 -9999 -9999 -9999 -9999 -9999 -9999 -9999 -9999 -9999 -9999 -9999 -9999 -9999 -9999 -9999 -9999 -9999 -9999 -9999 -9999 -9999 -9999 -9999 -9999 -9999 -9999 -9999 -7557 78 82 81 82 80 79 79 76 78 77 78 80 81 77 78 77 76 -7557 -7557 74 75 75 75 75 74 75 76 77 75 75 76 76 74 75 73 74 76 76
-9999 -9999 -9999 -9999 -9999 -9999 -9999 -9999 -9999 -9999 -9999 -9999 -9999 -9999 -9999 -9999 -9999 -9999 -9999 -9999 -9999 -9999 -9999 -9999 -9999 -9999 -9999 -9999 -9999 -9999 -9999 -9999 -9999 -9999 -9999 -9999 -9999 -9999 -9999 -9999 -9999 -9999 -9999 -9999 -9999 -9999 -9999 -9999 -9999 -9999 -9999 -7557 -7557 79 80 80 82 80 77 76 76 75 76 77 78 82 81 83 82 82 81 79 78 78 77 77 75 77 75 76 76 73 72 72 74 74 75 76 77 78 77
-9999 -9999 -9999 -9999 -9999 -9999 -9999 -9999 -9999 -9999 -9999 -9999 -9999 -9999 -9999 -9999 -9999 -9999 -9999 -9999 -9999 -9999 -9999 -9999 -9999 -9999 -9999 -9999 -9999 -9999 -9999 -9999 -9999 -9999 -9999 -9999 -9999 -9999 -9999 -9999 -9999 -9999 -9999 -9999 -9999 -9999 -9999 -9999 -9999 -7557 -7557 80 -7557 -7557 -7557 76 78 78 76 74 73 74 74 76 78 79 82 82 82 82 81 80 79 78 77 77 76 77 77 77 77 77 75 75 74 76 76 76 76 76 76
-9999 -9999 -9999 -9999 -9999 -9999 -9999 -9999 -9999 -9999 -9999 -9999 -9999 -9999 -9999 -9999 -9999 -9999 -9999 -9999 -9999 -9999 -9999 -9999 -9999 -9999 -9999 -9999 -9999 -9999 -9999 -9999 -9999 -9999 -9999 -9999 -9999 -9999 -9999 -9999 -9999 -9999 -9999 -9999 -9999 -9999 -9999 -9999 -9999 -7557 70 78 78 79 79 80 79 76 74 72 72 72 74 75 77 79 82 84 84 84 82 81 80 80 79 78 77 76 75 75 76 76 75 76 75 75 75 74 75 72 72
-9999 -9999 -9999 -9999 -9999 -9999 -9999 -9999 -9999 -9999 -9999 -9999 -9999 -9999 -9999 -9999 -9999 -9999 -9999 -9999 -9999 -9999 -9999 -9999 -9999 -9999 -9999 -9999 -9999 -9999 -9999 -9999 -9999 -9999 -9999 -9999 -9999 -9999 -9999 -9999 -9999 -9999 -9999 -9999 -9999 -9999 -9999 -7557 77 74 -7557 -7557 68 73 75 76 78 75 74 72 70 72 72 74 73 78 81 81 81 81 82 82 81 79 78 77 77 76 76 -7557 71 75 74 75 69 74 75 72 69 69 -7557
-9999 -9999 -9999 -9999 -9999 -9999 -9999 -9999 -9999 -9999 -9999 -9999 -9999 -9999 -9999 -9999 -9999 -9999 -9999 -9999 -9999 -9999 -9999 -9999 -9999 -9999 -9999 -9999 86 -9999 -9999 -9999 -9999 -9999 -9999 -9999 -9999 -9999 -9999 -9999 -9999 -9999 -9999 -9999 -9999 -9999 -7557 72 79 79 -7557 73 -7557 -7557 66 74 77 75 73 72 69 69 70 71 71 75 80 82 78 78 80 82 80 79 76 77 74 77 77 -7557 -7557 74 74 74 67 73 68 -7557 72 71 -7557
-9999 -9999 -9999 -9999 -9999 -9999 -9999 -9999 -9999 -9999 -9999 -9999 -9999 -9999 -9999 -9999 -9999 -9999 -9999 -9999 -9999 -9999 -9999 -9999 -9999 -9999 -9999 -9999 86 88 88 -9999 84 -9999 -9999 -9999 -9999 -9999 -9999 -9999 -9999 -9999 -9999 -9999 -9999 -9999 -9999 75 79 80 76 73 70 -7557 -7557 73 77 75 73 73 70 63 66 -7557 -7557 72 80 77 -7557 76 79 80 77 79 77 74 -7557 77 74 -7557 -7557 67 72 70 -7557 71 -7557 68 67 62 -7557
-9999 -9999 -9999 -9999 -9999 -9999 -9999 -9999 -9999 -9999 -9999 -9999 -9999 -9999 -9999 -9999 -9999 -9999 -9999 -9999 -9999 -9999 -9999 -9999 -9999 -9999 -9999 86 86 86 86 85 85 87 -9999 -9999 -9999 -9999 -9999 -9999 -9999 -9999 -9999 -9999 -9999 -9999 -9999 77 78 79 81 80 72 70 66 74 78 75 74 75 73 70 72 69 -7557 -7557 -7557 76 -7557 76 80 80 78 77 77 -7557 -7557 71 -7557 69 -7557 -7557 -7557 -7557 -7557 70 -7557 -7557 -7557 -7557 64
-9999 -9999 -9999 -9999 -9999 -9999 -9999 -9999 -9999 -9999 -9999 -9999 -9999 -9999 -9999 -9999 -9999 -9999 -9999 -9999 -9999 -9999 -9999 -9999 -9999 -9999 -9999 -9999 85 87 86 85 86 84 -7557 -9999 -9999 -9999 -9999 -9999 -9999 -9999 -9999 -9999 -9999 -9999 -7557 76 78 79 81 73 80 72 71 77 78 76 75 75 71 73 75 73 72 76 -7557 -7557 -7557 74 78 79 77 74 77 -7557 -7557 -7557 -7557 -7557 -7557 -7557 -7557 -7557 -7557 69 -7557 -7557 -7557 -7557 -7557
-9999 -9999 -9999 -9999 -9999 -9999 -9999 -9999 -9999 -9999 -9999 -9999 -9999 -9999 -9999 -9999 -9999 -9999 -9999 -9999 -9999 -9999 -9999 -9999 -9999 -9999 -9999 -9999 85 86 86 86 84 -7557 80 -9999 -9999 -9999 -9999 -9999 -9999 -9999 -9999 -9999 82 83 79 82 82 82 82 82 80 80 79 80 79 79 78 78 73 68 71 75 81 80 79 78 -7557 74 75 78 74 -7557 71 -7557 -7557 -7557 -7557 -7557 -7557 70 -7557 -7557 -7557 59 -7557 -7557 49 -7557 -7557
-9999 -9999 -9999 -9999 -9999 -9999 -9999 -9999 -9999 -9999 -9999 -9999 -9999 -9999 -9999 -9999 -9999 -9999 -9999 -9999 -9999 -9999 -9999 -9999 -9999 -9999 -9999 -9999 83 83 84 84 83 81 -9999 -9999 -9999 -9999 -9999 -9999 -9999 -9999 -9999 83 85 85 85 82 84 82 82 81 81 81 81 79 79 79 80 79 76 75 80 79 77 77 74 76 -7557 -7557 75 74 -7557 -7557 -7557 -7557 -7557 -7557 -7557 71 71 71 -7557 -7557 -7557 -7557 -7557 -7557 -7557 -7557 50
-9999 -9999 -9999 -9999 -9999 -9999 -9999 -9999 -9999 -9999 -9999 -9999 -9999 -9999 -9999 -9999 -9999 -9999 -9999 -9999 -9999 -9999 -9999 -9999 -9999 -9999 -9999 -9999 82 82 82 84 83 -9999 -9999 -9999 -9999 -9999 -9999 -9999 -9999 -9999 -9999 82 85 84 84 84 84 83 83 82 82 81 81 79 79 79 82 81 83 83 81 78 74 76 70 73 71 -7557 -7557 -7557 66 -7557 -7557 -7557 69 70 66 -7557 69 70 67 68 68 67 65 -7557 -7557 -7557 -7557
-9999 -9999 -9999 -9999 -9999 -9999 -9999 -9999 -9999 -9999 -9999 -9999 -9999 -9999 -9999 -9999 -9999 -9999 -9999 -9999 -9999 -9999 -9999 -9999 -9999 -9999 -9999 -9999 82 81 82 82 -9999 -9999 -9999 -9999 -9999 -9999 -9999 -9999 -9999 -9999 -9999 -9999 84 84 84 83 84 83 81 76 79 81 81 80 80 79 82 78 76 82 82 79 75 73 71 70 68 -7557 -7557 -7557 -7557 -7557 67 66 67 67 67 68 66 69 66 69 62 -7557 -7557 -7557 -7557 -7557 63
-9999 -9999 -9999 -9999 -9999 -9999 -9999 -9999 -9999 -9999 -9999 -9999 -9999 -9999 -9999 -9999 -9999 -9999 -9999 -9999 -9999 -9999 -9999 -9999 -9999 -9999 -9999 -9999 81 80 82 82 -9999 -9999 -9999 -9999 -9999 -9999 -9999 -9999 -9999 -9999 -9999 -9999 84 83 84 84 82 81 79 82 77 82 83 80 80 80 81 82 80 79 82 81 77 76 73 -7557 -7557 -7557 -7557 -7557 66 -7557 64 64 64 62 63 67 -7557 69 68 -7557 -7557 -7557 53 -7557 61 -7557 64
-9999 -9999 -9999 -9999 -9999 -9999 -9999 -9999 -9999 -9999 -9999 -9999 -9999 -9999 -9999 -9999 -9999 -9999 -9999 -9999 -9999 -9999 -9999 -9999 -9999 -9999 -9999 80 83 80 81 -9999 81 -9999 -9999 -9999 -9999 -9999 -9999 -9999 -9999 -9999 -9999 -9999 83 83 84 84 82 81 78 84 83 83 81 80 81 80 83 81 80 79 81 80 80 78 74 72 69 69 68 65 65 64 62 62 61 59 61 62 64 61 65 -7557 -7557 -7557 -7557 57 66 64 63
-9999 -9999 -9999 -9999 -9999 -9999 -9999 -9999 -9999 -9999 -9999 -9999 -9999 -9999 -9999 -9999 -9999 -9999 -9999 -9999 -9999 -9999 -9999 -9999 -9999 81 79 81 80 80 80 79 78 79 81 -9999 -9999 -9999 -9999 -9999 -9999 -9999 80 81 82 82 83 82 81 82 82 83 83 82 81 82 83 81 81 82 80 76 76 77 78 76 76 72 68 66 66 64 63 62 60 60 60 60 61 62 60 61 -7557 -7557 -7557 -7557 63 67 66 66 62
-9999 -9999 -9999 -9999 -9999 -9999 -9999 -9999 -9999 -9999 -9999 -9999 -9999 -9999 -9999 -9999 -9999 -9999 -9999 -9999 -9999 -9999 -9999 -9999 81 79 81 80 77 80 78 79 79 78 80 81 -9999 -9999 -9999 -9999 -9999 -9999 -9999 81 78 80 82 83 81 82 83 82 82 82 84 83 84 81 81 84 79 81 -7557 -7557 76 78 76 -7557 -7557 -7557 63 65 62 61 60 61 60 59 59 59 59 60 61 63 -7557 66 65 66 66 65 64
-9999 -9999 -9999 -9999 -9999 -9999 -9999 -9999 -9999 -9999 -9999 -9999 -9999 -9999 -9999 -9999 -9999 -9999 -9999 -9999 -9999 -9999 -9999 82 80 80 81 79 77 79 79 78 79 79 79 78 81 -9999 -9999 -9999 -9999 -9999 -9999 77 75 77 80 82 83 82 81 81 83 84 83 83 82 82 82 84 81 82 -7557 -7557 78 78 78 -7557 -7557 -7557 -7557 -7557 -7557 60 60 61 60 59 59 58 58 61 57 -7557 -7557 -7557 67 68 69 68 66
-9999 -9999 -9999 -9999 -9999 -9999 -9999 -9999 -9999 -9999 -9999 -9999 -9999 -9999 -9999 -9999 -9999 -9999 -9999 -9999 -9999 -9999 82 81 81 77 76 79 74 74 79 78 79 79 79 77 79 -9999 -9999 -9999 -9999 -9999 -9999 -9999 75 78 79 80 82 82 81 81 79 82 82 82 82 83 81 83 84 81 77 76 79 78 78 74 71 -7557 -7557 -7557 -7557 -7557 60 -7557 60 60 58 -7557 -7557 -7557 -7557 -7557 -7557 -7557 -7557 -7557 -7557 70 68
-9999 -9999 -9999 -9999 -9999 -9999 -9999 -9999 -9999 -9999 -9999 -9999 -9999 -9999 -9999 -9999 -9999 -9999 -9999 -9999 -9999 83 82 83 78 78 78 78 78 78 79 79 78 79 77 77 79 80 -9999 -9999 -9999 -9999 -9999 -9999 -9999 78 77 79 80 82 80 81 80 77 78 79 83 82 81 80 82 78 78 77 78 80 73 70 68 -7557 -7557 -7557 64 62 -7557 61 60 61 59 59 59 -7557 -7557 -7557 62 -7557 65 67 -7557 70 69
-9999 -9999 -9999 -9999 -9999 -9999 -9999 -9999 -9999 -9999 -9999 -9999 -9999 -9999 -9999 -9999 -9999 -9999 -9999 -9999 83 82 84 80 80 81 80 79 79 79 79 79 78 78 75 78 79 79 -9999 -9999 -9999 -9999 -9999 -9999 -9999 -9999 77 78 76 80 79 81 79 -7557 78 79 81 78 79 77 78 79 75 73 77 74 70 69 67 -7557 65 65 64 62 62 61 61 60 60 60 60 58 59 59 -7557 -7557 63 66 70 71 69
-9999 -9999 -9999 -9999 -9999 -9999 -9999 -9999 -9999 -9999 -9999 -9999 -9999 -9999 -9999 -9999 -9999 -9999 -9999 -9999 83 82 83 82 81 80 80 80 79 78 78 79 77 74 77 77 79 79 -9999 -9999 -9999 -9999 -9999 -9999 -9999 -9999 -9999 77 76 78 78 79 77 77 79 78 80 77 79 76 75 74 71 73 74 71 70 68 69 68 67 66 66 65 63 64 63 62 61 62 60 59 58 59 59 63 65 67 68 71 69
-9999 -9999 -9999 -9999 -9999 -9999 -9999 -9999 -9999 -9999 -9999 -9999 -9999 -9999 -9999 -9999 -9999 -9999 -9999 -9999 83 82 83 81 80 79 80 79 78 75 75 76 76 75 78 75 79 78 78 -9999 -9999 -9999 -9999 -9999 -9999 -9999 74 74 78 79 77 78 74 75 75 75 79 75 78 74 74 72 72 73 72 69 66 66 68 65 64 65 65 65 63 63 63 63 62 62 62 61 60 60 62 63 65 66 66 68 70
-9999 -9999 -9999 -9999 -9999 -9999 -9999 -9999 -9999 -9999 -9999 -9999 -9999 -9999 -9999 -9999 -9999 -9999 -9999 -9999 85 82 80 81 81 80 79 80 78 76 75 74 77 77 76 78 78 78 78 78 -9999 -9999 -9999 -9999 -9999 74 76 77 76 76 78 79 76 71 74 75 75 76 72 67 69 72 67 68 71 68 -7557 62 -7557 -7557 62 62 62 63 62 63 64 65 64 63 64 -7557 -7557 -7557 63 64 64 65 67 70 71
-9999 -9999 -9999 -9999 -9999 -9999 -9999 -9999 -9999 -9999 -9999 -9999 -9999 -9999 -9999 -9999 -9999 -9999 -9999 -9999 -9999 81 80 80 81 79 80 80 80 79 78 78 78 78 78 78 78 78 77 -9999 -9999 -9999 -9999 -9999 -9999 76 77 77 75 76 76 76 73 74 75 72 75 75 72 65 71 67 68 64 70 68 -7557 -7557 64 68 65 64 65 63 63 64 64 64 65 65 66 65 -7557 -7557 65 65 66 68 68 71 71
-9999 -9999 -9999 -9999 -9999 -9999 -9999 -9999 -9999 -9999 -9999 -9999 -9999 -9999 -9999 -9999 -9999 -9999 -9999 -9999 -9999 -9999 80 79 80 79 79 79 78 79 79 79 78 76 77 78 77 77 -9999 77 -9999 -9999 -9999 -9999 75 76 75 74 76 72 72 72 70 71 76 75 72 72 65 69 70 69 66 62 64 63 65 60 63 66 67 63 63 65 63 63 66 66 67 67 67 67 66 66 66 67 67 68 70 -7557 -7557
-9999 -9999 -9999 -9999 -9999 -9999 -9999 -9999 -9999 -9999 -9999 -9999 -9999 -9999 -9999 -9999 -9999 -9999 -9999 -9999 -9999 -9999 80 79 79 79 80 79 78 78 79 79 77 76 76 78 77 77 77 76 76 76 -9999 -9999 75 75 73 74 72 74 71 71 71 73 74 74 74 71 71 68 65 64 68 63 60 64 66 60 66 66 66 66 64 65 65 64 65 66 67 68 68 68 67 68 67 67 68 67 69 70 71
-9999 -9999 -9999 -9999 -9999 -9999 -9999 -9999 -9999 -9999 -9999 -9999 -9999 -9999 -9999 -9999 -9999 -9999 -9999 -9999 -9999 81 80 80 80 81 80 79 79 78 78 77 78 77 77 77 77 76 76 76 76 76 76 76 75 75 74 73 74 74 73 73 73 74 73 72 71 69 69 67 64 63 67 64 59 64 64 64 60 66 66 66 66 66 66 65 66 67 67 68 69 69 68 68 68 68 67 67 68 69 71
-9999 -9999 -9999 -9999 -9999 -9999 -9999 -9999 -9999 -9999 -9999 -9999 -9999 -9999 -9999 -9999 -9999 -9999 -9999 84 83 82 80 81 81 81 80 79 78 78 78 78 77 78 78 77 77 76 76 76 76 76 76 75 75 74 74 74 74 74 74 74 74 74 72 71 69 68 67 66 65 65 65 66 59 59 65 62 62 62 65 66 66 66 65 66 64 64 66 68 69 69 69 67 67 67 67 68 69 70 71
-9999 -9999 -9999 -9999 -9999 -9999 -9999 -9999 -9999 -9999 -9999 -9999 -9999 -9999 -9999 -9999 -9999 -9999 -9999 84 84 82 80 81 81 81 80 79 78 79 79 79 79 78 78 77 77 76 76 76 76 76 75 75 75 74 74 74 74 73 74 74 74 72 72 70 69 68 66 66 65 65 63 64 61 57 64 64 63 -7557 63 64 67 66 66 66 67 67 68 69 68 69 69 67 68 66 67 68 69 70 72
-9999 -9999 -9999 -9999 -9999 -9999 -9999 -9999 -9999 -9999 -9999 -9999 -9999 -9999 -9999 -9999 -9999 -9999 -9999 -9999 83 81 81 82 82 81 -7557 79 80 80 79 79 79 78 78 77 77 76 76 76 76 76 76 76 75 75 74 73 73 74 74 74 73 72 71 69 69 68 67 65 64 65 62 63 62 56 65 65 65 63 63 65 66 65 63 68 68 68 69 69 69 69 69 68 67 66 68 69 70 71 70
-9999 -9999 -9999 -9999 -9999 -9999 -9999 -9999 -9999 -9999 -9999 -9999 -9999 -9999 -9999 -9999 -9999 -9999 -9999 -9999 84 81 83 82 82 81 -7557 80 80 79 79 79 79 78 78 78 77 76 76 76 76 76 76 75 75 74 74 73 73 73 74 73 73 72 71 69 69 67 66 66 64 64 62 62 63 56 56 64 64 66 66 67 66 65 62 67 67 67 68 67 67 68 67 66 68 68 69 70 71 70 72
-9999 -9999 -9999 -9999 -9999 -9999 -9999 -9999 -9999 -9999 -9999 -9999 -9999 -9999 -9999 -9999 -9999 -9999 -9999 -9999 -9999 82 83 83 81 81 80 80 79 79 79 79 79 78 78 77 77 77 76 76 76 76 75 75 74 74 73 73 73 74 74 73 73 72 71 68 67 67 67 66 65 64 64 63 62 58 56 61 64 65 66 66 64 65 64 65 65 66 67 67 65 65 65 68 70 70 70 71 72 73 73
-9999 -9999 -9999 -9999 -9999 -9999 -9999 -9999 -9999 -9999 -9999 -9999 -9999 -9999 -9999 -9999 -9999 -9999 -9999 -9999 -9999 83 81 80 81 80 80 80 79 79 78 79 79 78 78 78 77 76 76 76 76 76 75 75 74 74 74 74 73 74 74 73 73 72 71 68 69 67 66 66 65 64 63 63 60 61 56 64 64 64 64 63 64 63 64 64 64 67 64 64 63 64 66 69 70 70 71 71 72 65 73
-9999 -9999 -9999 -9999 -9999 -9999 -9999 -9999 -9999 -9999 -9999 -9999 -9999 -9999 -9999 -9999 -9999 -9999 -9999 -9999 -9999 -9999 -9999 -9999 81 80 80 79 79 78 78 78 78 79 78 77 77 77 76 76 76 76 75 75 75 74 74 74 72 74 73 73 72 72 71 70 69 68 67 67 65 64 62 62 62 62 58 63 63 64 64 63 63 63 64 64 68 64 66 67 66 65 66 67 69 69 69 68 69 72 73
-9999 -9999 -9999 -9999 -9999 -9999 -9999 -9999 -9999 -9999 -9999 -9999 -9999 -9999 -9999 -9999 -9999 -9999 -9999 -9999 -9999 -9999 -9999 -9999 81 81 80 78 79 78 78 78 78 78 78 78 77 77 76 76 76 75 75 75 74 74 74 74 73 73 73 73 73 73 73 70 70 68 68 66 65 64 62 61 62 62 58 62 61 61 62 62 64 65 64 62 63 68 68 68 67 66 65 68 71 68 69 69 72 72 71
-9999 -9999 -9999 -9999 -9999 -9999 -9999 -9999 -9999 -9999 -9999 -9999 -9999 -9999 -9999 -9999 -9999 -9999 -9999 -9999 -9999 -9999 -9999 -9999 82 80 79 79 78 78 78 78 78 78 78 77 76 77 77 76 76 75 75 74 75 73 74 74 74 73 74 72 73 74 73 69 70 69 68 67 64 64 61 61 61 61 60 60 59 61 61 62 62 60 63 63 65 67 67 68 67 66 66 67 67 68 68 69 70 72 71
-9999 -9999 -9999 -9999 -9999 -9999 -9999 -9999 -9999 -9999 -9999 -9999 -9999 -9999 -9999 -9999 -9999 -9999 -9999 -9999 -9999 -9999 -9999 -9999 81 79 79 78 78 77 78 78 75 77 78 77 76 76 76 76 75 75 74 75 74 74 74 74 74 72 74 74 74 74 74 71 71 69 68 67 65 63 63 61 60 60 60 58 59 60 60 60 60 57 60 60 63 64 64 64 65 66 67 70 68 68 71 73 73 73 69
