data/fwi_grid_demo/ffmc_20190121.txt
ncols 177
nrows 174
xllcorner  1436301.375
yllcorner    4916704.5
cellsize 1500
NODATA_value -9999
[rows 40 to 79 of 174, columns 0 to 90 of 177]
-9999 -9999 -9999 -9999 -9999 -9999 -9999 -9999 -9999 -9999 -9999 -9999 -9999 -9999 -9999 -9999 -9999 -9999 -9999 -9999 -9999 -9999 -9999 -9999 -9999 -9999 -9999 -9999 -9999 -9999 -9999 -9999 -9999 -9999 -9999 -9999 -9999 -9999 -9999 -9999 -9999 -9999 -9999 -9999 -9999 -9999 -9999 -9999 -9999 -9999 -9999 -9999 -9999 -7557 81 -7557 -7557 79 82 80 79 79 81 81 84 84 84 83 82 81 -7557 -7557 -7557 82 82 83 81 82 82 82 82 -7557 82 81 -7557 80 81 81 81 81 82
-9999 -9999 -9999 -9999 -9999 -9999 -9999 -9999 -9999 -9999 -9999 -9999 -9999 -9999 -9999 -9999 -9999 -9999 -9999 -9999 -9999 -9999 -9999 -9999 -9999 -9999 -9999 -9999 -9999 -9999 -9999 -9999 -9999 -9999 -9999 -9999 -9999 -9999 -9999 -9999 -9999 -9999 -9999 -9999 -9999 -9999 -9999 -9999 -9999 -9999 -9999 -9999 -7557 -7557 82 76 80 79 81 82 81 81 83 83 84 84 83 82 -7557 -7557 -7557 -7557 -7557 82 82 82 83 83 83 83 82 82 81 81 82 81 81 82 81 81 81
-9999 -9999 -9999 -9999 -9999 -9999 -9999 -9999 -9999 -9999 -9999 -9999 -9999 -9999 -9999 -9999 -9999 -9999 -9999 -9999 -9999 -9999 -9999 -9999 -9999 -9999 -9999 -9999 -9999 -9999 -9999 -9999 -9999 -9999 -9999 -9999 -9999 -9999 -9999 -9999 -9999 -9999 -9999 -9999 -9999 -9999 -9999 -9999 -9999 -9999 -9999 -9999 -7557 80 81 81 81 81 82 83 81 83 83 84 84 84 82 82 81 81 -7557 71 82 82 82 83 85 84 84 84 84 83 83 83 83 82 82 83 83 83 83
-9999 -9999 -9999 -9999 -9999 -9999 -9999 -9999 -9999 -9999 -9999 -9999 -9999 -9999 -9999 -9999 -9999 -9999 -9999 -9999 -9999 -9999 -9999 -9999 -9999 -9999 -9999 -9999 -9999 -9999 -9999 -9999 -9999 -9999 -9999 -9999 -9999 -9999 -9999 -9999 -9999 -9999 -9999 -9999 -9999 -9999 -9999 -9999 -9999 -9999 -9999 -7557 -7557 81 81 81 82 82 82 83 83 82 83 84 84 84 84 84 84 84 83 82 82 83 83 84 85 84 85 84 84 83 83 83 83 83 82 82 82 82 82
-9999 -9999 -9999 -9999 -9999 -9999 -9999 -9999 -9999 -9999 -9999 -9999 -9999 -9999 -9999 -9999 -9999 -9999 -9999 -9999 -9999 -9999 -9999 -9999 -9999 -9999 -9999 -9999 -9999 -9999 -9999 -9999 -9999 -9999 -9999 -9999 -9999 -9999 -9999 -9999 -9999 -9999 -9999 -9999 -9999 -9999 -9999 -9999 -9999 -7557 -7557 81 -7557 -7557 80 80 81 82 82 82 82 83 83 84 84 84 84 84 84 84 84 84 84 84 84 84 82 82 81 81 82 83 83 83 82 82 81 81 81 81 82
-9999 -9999 -9999 -9999 -9999 -9999 -9999 -9999 -9999 -9999 -9999 -9999 -9999 -9999 -9999 -9999 -9999 -9999 -9999 -9999 -9999 -9999 -9999 -9999 -9999 -9999 -9999 -9999 -9999 -9999 -9999 -9999 -9999 -9999 -9999 -9999 -9999 -9999 -9999 -9999 -9999 -9999 -9999 -9999 -9999 -9999 -9999 -9999 -9999 -7557 79 81 81 81 81 82 83 82 82 82 82 83 83 84 83 84 84 84 84 84 84 84 84 84 84 84 82 81 74 82 82 82 81 82 82 81 82 82 81 81 81
-9999 -9999 -9999 -9999 -9999 -9999 -9999 -9999 -9999 -9999 -9999 -9999 -9999 -9999 -9999 -9999 -9999 -9999 -9999 -9999 -9999 -9999 -9999 -9999 -9999 -9999 -9999 -9999 -9999 -9999 -9999 -9999 -9999 -9999 -9999 -9999 -9999 -9999 -9999 -9999 -9999 -9999 -9999 -9999 -9999 -9999 -9999 -7557 80 79 -7557 -7557 78 79 80 80 81 82 82 83 83 83 83 83 81 82 82 81 81 81 81 82 82 81 81 81 81 82 82 -7557 81 81 81 82 81 82 82 81 81 81 -7557
-9999 -9999 -9999 -9999 -9999 -9999 -9999 -9999 -9999 -9999 -9999 -9999 -9999 -9999 -9999 -9999 -9999 -9999 -9999 -9999 -9999 -9999 -9999 -9999 -9999 -9999 -9999 -9999 77 -9999 -9999 -9999 -9999 -9999 -9999 -9999 -9999 -9999 -9999 -9999 -9999 -9999 -9999 -9999 -9999 -9999 -7557 78 79 80 -7557 68 -7557 -7557 76 80 81 82 82 82 81 81 81 80 80 80 81 81 80 80 81 82 81 81 81 81 81 81 82 -7557 -7557 82 72 82 65 81 68 -7557 82 82 -7557
-9999 -9999 -9999 -9999 -9999 -9999 -9999 -9999 -9999 -9999 -9999 -9999 -9999 -9999 -9999 -9999 -9999 -9999 -9999 -9999 -9999 -9999 -9999 -9999 -9999 -9999 -9999 -9999 75 74 73 -9999 74 -9999 -9999 -9999 -9999 -9999 -9999 -9999 -9999 -9999 -9999 -9999 -9999 -9999 -9999 77 79 80 78 78 76 -7557 -7557 79 81 82 82 81 80 79 80 -7557 -7557 80 80 80 -7557 81 81 81 81 81 81 69 -7557 81 81 -7557 -7557 80 80 80 -7557 81 -7557 80 80 81 82
-9999 -9999 -9999 -9999 -9999 -9999 -9999 -9999 -9999 -9999 -9999 -9999 -9999 -9999 -9999 -9999 -9999 -9999 -9999 -9999 -9999 -9999 -9999 -9999 -9999 -9999 -9999 77 75 74 73 72 73 73 -9999 -9999 -9999 -9999 -9999 -9999 -9999 -9999 -9999 -9999 -9999 -9999 -9999 78 78 79 80 79 76 75 74 79 81 82 82 83 83 81 80 66 -7557 -7557 -7557 80 -7557 80 81 81 80 80 80 -7557 -7557 80 -7557 78 -7557 -7557 -7557 -7557 -7557 81 -7557 -7557 -7557 -7557 81
-9999 -9999 -9999 -9999 -9999 -9999 -9999 -9999 -9999 -9999 -9999 -9999 -9999 -9999 -9999 -9999 -9999 -9999 -9999 -9999 -9999 -9999 -9999 -9999 -9999 -9999 -9999 -9999 74 73 72 71 72 73 -7557 -9999 -9999 -9999 -9999 -9999 -9999 -9999 -9999 -9999 -9999 -9999 -7557 74 76 78 79 73 78 74 76 80 82 82 82 81 79 80 81 80 79 79 -7557 -7557 -7557 80 80 80 80 80 79 -7557 -7557 -7557 -7557 -7557 -7557 -7557 -7557 -7557 -7557 79 -7557 -7557 80 -7557 -7557
-9999 -9999 -9999 -9999 -9999 -9999 -9999 -9999 -9999 -9999 -9999 -9999 -9999 -9999 -9999 -9999 -9999 -9999 -9999 -9999 -9999 -9999 -9999 -9999 -9999 -9999 -9999 -9999 75 74 72 72 73 -7557 74 -9999 -9999 -9999 -9999 -9999 -9999 -9999 -9999 -9999 79 79 75 78 78 78 78 77 77 78 78 79 80 81 82 82 79 79 79 80 81 81 80 79 -7557 79 79 79 79 -7557 77 -7557 -7557 -7557 -7557 -7557 -7557 76 -7557 -7557 -7557 63 -7557 -7557 79 -7557 -7557
-9999 -9999 -9999 -9999 -9999 -9999 -9999 -9999 -9999 -9999 -9999 -9999 -9999 -9999 -9999 -9999 -9999 -9999 -9999 -9999 -9999 -9999 -9999 -9999 -9999 -9999 -9999 -9999 76 75 73 73 73 73 -9999 -9999 -9999 -9999 -9999 -9999 -9999 -9999 -9999 79 79 79 78 76 77 79 78 78 78 78 79 80 80 81 82 81 79 79 80 79 79 78 77 77 -7557 -7557 75 76 -7557 -7557 -7557 -7557 -7557 -7557 -7557 75 75 75 -7557 -7557 -7557 -7557 -7557 -7557 -7557 -7557 63
-9999 -9999 -9999 -9999 -9999 -9999 -9999 -9999 -9999 -9999 -9999 -9999 -9999 -9999 -9999 -9999 -9999 -9999 -9999 -9999 -9999 -9999 -9999 -9999 -9999 -9999 -9999 -9999 78 76 74 72 72 -9999 -9999 -9999 -9999 -9999 -9999 -9999 -9999 -9999 -9999 79 79 79 79 79 79 78 76 76 77 79 80 79 80 80 80 80 81 81 80 77 76 76 63 73 56 -7557 -7557 -7557 59 -7557 -7557 -7557 74 73 72 -7557 74 73 74 74 76 77 77 -7557 -7557 -7557 -7557
-9999 -9999 -9999 -9999 -9999 -9999 -9999 -9999 -9999 -9999 -9999 -9999 -9999 -9999 -9999 -9999 -9999 -9999 -9999 -9999 -9999 -9999 -9999 -9999 -9999 -9999 -9999 -9999 77 73 75 72 -9999 -9999 -9999 -9999 -9999 -9999 -9999 -9999 -9999 -9999 -9999 -9999 80 79 79 79 77 74 73 70 73 76 77 79 79 80 80 76 75 80 80 78 75 72 70 70 55 -7557 -7557 -7557 -7557 -7557 72 72 72 72 71 73 72 72 71 75 73 -7557 -7557 -7557 -7557 -7557 80
-9999 -9999 -9999 -9999 -9999 -9999 -9999 -9999 -9999 -9999 -9999 -9999 -9999 -9999 -9999 -9999 -9999 -9999 -9999 -9999 -9999 -9999 -9999 -9999 -9999 -9999 -9999 -9999 73 73 73 72 -9999 -9999 -9999 -9999 -9999 -9999 -9999 -9999 -9999 -9999 -9999 -9999 78 77 77 77 75 73 71 75 69 76 79 79 79 80 78 79 77 76 80 80 75 71 67 -7557 -7557 -7557 -7557 -7557 67 -7557 69 72 70 70 70 70 -7557 72 71 -7557 -7557 -7557 73 -7557 63 -7557 80
-9999 -9999 -9999 -9999 -9999 -9999 -9999 -9999 -9999 -9999 -9999 -9999 -9999 -9999 -9999 -9999 -9999 -9999 -9999 -9999 -9999 -9999 -9999 -9999 -9999 -9999 -9999 72 73 71 71 -9999 69 -9999 -9999 -9999 -9999 -9999 -9999 -9999 -9999 -9999 -9999 -9999 77 77 77 77 75 73 71 76 75 79 79 79 79 79 79 77 75 74 76 76 76 74 68 63 60 60 62 64 65 66 68 71 69 71 69 72 71 70 73 -7557 -7557 -7557 -7557 76 79 80 80
-9999 -9999 -9999 -9999 -9999 -9999 -9999 -9999 -9999 -9999 -9999 -9999 -9999 -9999 -9999 -9999 -9999 -9999 -9999 -9999 -9999 -9999 -9999 -9999 -9999 72 72 73 70 71 70 68 66 66 68 -9999 -9999 -9999 -9999 -9999 -9999 -9999 74 74 75 75 76 74 74 75 75 77 79 79 79 80 80 79 79 77 74 72 72 69 69 69 69 63 58 59 59 61 65 64 69 70 71 68 69 71 69 68 -7557 -7557 -7557 -7557 75 79 79 80 80
-9999 -9999 -9999 -9999 -9999 -9999 -9999 -9999 -9999 -9999 -9999 -9999 -9999 -9999 -9999 -9999 -9999 -9999 -9999 -9999 -9999 -9999 -9999 -9999 72 71 72 71 67 69 69 68 66 66 68 71 -9999 -9999 -9999 -9999 -9999 -9999 -9999 74 72 73 75 76 74 75 78 78 78 78 79 78 80 79 80 79 72 73 54 -7557 65 68 67 -7557 -7557 -7557 57 58 60 61 65 66 66 71 66 65 69 68 69 70 -7557 74 75 76 78 79 79
-9999 -9999 -9999 -9999 -9999 -9999 -9999 -9999 -9999 -9999 -9999 -9999 -9999 -9999 -9999 -9999 -9999 -9999 -9999 -9999 -9999 -9999 -9999 71 70 70 71 69 67 69 69 69 66 67 66 67 69 -9999 -9999 -9999 -9999 -9999 -9999 71 69 70 73 76 78 78 78 79 79 79 76 77 77 79 79 78 74 74 -7557 -7557 65 66 67 -7557 -7557 -7557 -7557 -7557 -7557 61 62 64 65 69 70 69 66 69 58 -7557 -7557 -7557 74 76 78 79 79
-9999 -9999 -9999 -9999 -9999 -9999 -9999 -9999 -9999 -9999 -9999 -9999 -9999 -9999 -9999 -9999 -9999 -9999 -9999 -9999 -9999 -9999 71 69 70 68 67 68 66 65 67 69 67 67 66 67 67 -9999 -9999 -9999 -9999 -9999 -9999 -9999 70 72 74 75 77 79 79 76 73 75 74 75 75 80 79 79 78 74 67 66 66 65 66 63 59 -7557 -7557 -7557 -7557 -7557 63 -7557 65 70 65 -7557 -7557 -7557 -7557 -7557 -7557 -7557 -7557 -7557 -7557 79 79
-9999 -9999 -9999 -9999 -9999 -9999 -9999 -9999 -9999 -9999 -9999 -9999 -9999 -9999 -9999 -9999 -9999 -9999 -9999 -9999 -9999 72 71 72 68 68 68 68 67 67 70 70 66 66 66 66 69 73 -9999 -9999 -9999 -9999 -9999 -9999 -9999 74 73 75 75 78 79 76 75 70 70 70 76 75 79 78 76 70 68 65 63 68 60 57 57 -7557 -7557 -7557 58 62 -7557 65 66 70 66 66 66 -7557 -7557 -7557 70 -7557 73 73 -7557 77 77
-9999 -9999 -9999 -9999 -9999 -9999 -9999 -9999 -9999 -9999 -9999 -9999 -9999 -9999 -9999 -9999 -9999 -9999 -9999 -9999 74 72 74 70 71 71 70 71 71 70 70 67 66 67 65 67 70 73 -9999 -9999 -9999 -9999 -9999 -9999 -9999 -9999 75 76 74 78 79 78 76 -7557 70 72 74 73 79 78 79 74 69 69 70 63 58 57 56 -7557 58 59 62 62 64 64 67 67 64 64 67 65 67 67 -7557 -7557 72 71 75 75 77
-9999 -9999 -9999 -9999 -9999 -9999 -9999 -9999 -9999 -9999 -9999 -9999 -9999 -9999 -9999 -9999 -9999 -9999 -9999 -9999 74 71 73 72 72 72 71 71 70 68 67 67 66 66 66 68 72 72 -9999 -9999 -9999 -9999 -9999 -9999 -9999 -9999 -9999 75 73 76 79 76 73 73 72 73 75 73 74 78 77 76 67 70 72 65 61 59 60 61 62 63 68 68 68 70 70 70 65 65 65 65 66 66 68 70 71 70 72 74 77
-9999 -9999 -9999 -9999 -9999 -9999 -9999 -9999 -9999 -9999 -9999 -9999 -9999 -9999 -9999 -9999 -9999 -9999 -9999 -9999 73 72 73 71 71 71 72 70 69 67 66 66 66 66 70 67 72 71 72 -9999 -9999 -9999 -9999 -9999 -9999 -9999 73 73 76 79 79 75 70 71 71 72 74 71 74 71 72 76 76 72 71 68 64 62 64 62 62 64 67 69 64 65 71 69 68 68 68 65 67 68 68 69 69 71 74 75 76
-9999 -9999 -9999 -9999 -9999 -9999 -9999 -9999 -9999 -9999 -9999 -9999 -9999 -9999 -9999 -9999 -9999 -9999 -9999 -9999 75 71 70 71 72 73 72 71 69 68 67 67 68 68 68 71 73 73 74 75 -9999 -9999 -9999 -9999 -9999 74 75 76 78 78 79 77 73 68 71 72 73 74 71 65 69 72 75 75 71 69 -7557 61 -7557 -7557 63 62 63 66 64 64 70 71 69 66 69 -7557 -7557 -7557 67 68 72 73 74 71 72
-9999 -9999 -9999 -9999 -9999 -9999 -9999 -9999 -9999 -9999 -9999 -9999 -9999 -9999 -9999 -9999 -9999 -9999 -9999 -9999 -9999 71 70 71 71 72 73 73 70 69 68 68 69 70 70 72 73 73 73 -9999 -9999 -9999 -9999 -9999 -9999 77 78 79 78 76 75 74 72 72 72 70 75 74 71 66 72 75 75 74 73 69 -7557 62 64 70 67 66 70 69 65 65 70 73 70 68 71 69 -7557 -7557 67 69 67 68 73 70 72
-9999 -9999 -9999 -9999 -9999 -9999 -9999 -9999 -9999 -9999 -9999 -9999 -9999 -9999 -9999 -9999 -9999 -9999 -9999 -9999 -9999 -9999 70 70 71 72 71 72 71 72 71 70 71 71 72 71 72 73 -9999 74 -9999 -9999 -9999 -9999 79 79 78 78 76 71 71 71 69 71 76 75 71 71 65 70 75 73 69 73 73 66 68 61 66 69 70 67 67 71 67 65 71 73 71 68 72 67 66 69 66 66 67 71 70 -7557 -7557
-9999 -9999 -9999 -9999 -9999 -9999 -9999 -9999 -9999 -9999 -9999 -9999 -9999 -9999 -9999 -9999 -9999 -9999 -9999 -9999 -9999 -9999 71 71 72 73 73 73 71 72 71 72 72 71 72 71 71 71 73 74 75 76 -9999 -9999 76 79 77 76 73 75 72 71 71 73 76 75 73 70 71 74 74 74 71 73 72 68 69 62 69 70 71 70 69 71 71 68 68 72 71 72 72 71 66 67 71 71 70 73 71 71 72
-9999 -9999 -9999 -9999 -9999 -9999 -9999 -9999 -9999 -9999 -9999 -9999 -9999 -9999 -9999 -9999 -9999 -9999 -9999 -9999 -9999 72 72 72 73 74 74 74 72 72 72 71 71 72 72 71 72 71 72 73 75 76 76 76 78 78 79 78 78 76 75 72 73 75 76 77 75 74 74 74 73 73 71 72 71 71 69 68 61 69 71 71 71 71 72 70 70 72 73 71 67 72 66 65 67 69 72 72 72 72 68
-9999 -9999 -9999 -9999 -9999 -9999 -9999 -9999 -9999 -9999 -9999 -9999 -9999 -9999 -9999 -9999 -9999 -9999 -9999 74 73 74 72 73 75 75 76 74 73 73 72 72 72 73 72 71 72 72 72 73 74 75 75 77 78 78 78 77 77 77 76 76 76 76 76 76 75 74 73 73 73 73 70 70 71 70 69 67 63 63 68 71 72 71 70 73 73 73 73 72 68 71 68 66 65 72 71 72 72 72 68
-9999 -9999 -9999 -9999 -9999 -9999 -9999 -9999 -9999 -9999 -9999 -9999 -9999 -9999 -9999 -9999 -9999 -9999 -9999 74 74 74 73 74 75 75 76 76 74 74 72 73 72 71 71 71 72 72 72 73 74 75 76 77 76 78 78 78 77 75 76 76 75 76 74 75 74 73 73 73 72 70 69 70 70 69 69 70 68 62 64 67 72 71 72 72 71 71 72 69 67 68 67 72 68 73 72 71 71 67 68
-9999 -9999 -9999 -9999 -9999 -9999 -9999 -9999 -9999 -9999 -9999 -9999 -9999 -9999 -9999 -9999 -9999 -9999 -9999 -9999 74 73 74 75 75 76 76 76 75 75 74 73 73 72 71 71 72 72 73 74 75 75 77 77 78 77 77 77 77 75 75 76 76 76 75 75 74 73 72 72 72 70 68 69 69 69 69 70 70 68 68 67 70 72 71 72 72 67 70 70 71 71 69 72 73 74 70 70 68 72 73
-9999 -9999 -9999 -9999 -9999 -9999 -9999 -9999 -9999 -9999 -9999 -9999 -9999 -9999 -9999 -9999 -9999 -9999 -9999 -9999 75 75 77 77 77 77 77 78 76 76 75 74 73 73 72 72 73 74 74 75 75 75 77 77 77 77 77 77 77 76 76 76 74 76 74 75 74 73 72 71 71 70 68 68 69 68 68 70 70 71 71 71 72 72 71 72 72 72 69 73 72 72 74 74 73 73 73 73 70 73 73
-9999 -9999 -9999 -9999 -9999 -9999 -9999 -9999 -9999 -9999 -9999 -9999 -9999 -9999 -9999 -9999 -9999 -9999 -9999 -9999 -9999 76 77 78 78 78 79 79 77 77 76 74 75 74 74 75 75 75 75 75 75 76 77 77 77 76 76 77 76 77 76 76 76 74 74 74 74 73 71 70 70 70 70 69 69 68 67 69 70 71 71 72 72 71 71 71 72 72 72 73 73 74 74 74 72 68 72 70 68 70 72
-9999 -9999 -9999 -9999 -9999 -9999 -9999 -9999 -9999 -9999 -9999 -9999 -9999 -9999 -9999 -9999 -9999 -9999 -9999 -9999 -9999 78 78 77 78 79 79 79 79 77 76 75 76 76 75 75 76 76 75 75 75 77 77 77 77 76 76 76 77 77 77 76 75 75 75 74 73 72 71 70 70 69 70 69 68 69 66 70 71 71 71 70 70 70 71 72 72 72 73 73 73 74 74 74 72 73 72 73 73 71 73
-9999 -9999 -9999 -9999 -9999 -9999 -9999 -9999 -9999 -9999 -9999 -9999 -9999 -9999 -9999 -9999 -9999 -9999 -9999 -9999 -9999 -9999 -9999 -9999 79 79 80 80 79 78 77 77 77 76 75 76 76 76 76 76 76 77 77 77 77 77 77 77 76 77 76 76 76 75 75 74 73 72 72 71 71 70 69 69 69 69 67 70 70 71 71 70 70 70 70 71 72 72 74 75 75 74 74 75 75 75 74 74 74 73 74
-9999 -9999 -9999 -9999 -9999 -9999 -9999 -9999 -9999 -9999 -9999 -9999 -9999 -9999 -9999 -9999 -9999 -9999 -9999 -9999 -9999 -9999 -9999 -9999 80 80 80 80 80 80 78 77 78 77 77 77 77 77 77 77 77 77 77 77 77 77 77 77 76 77 77 76 77 77 76 74 73 72 72 72 71 71 69 69 69 70 68 70 69 69 69 69 71 72 71 70 71 75 75 76 75 74 73 75 75 75 75 75 75 74 74
-9999 -9999 -9999 -9999 -9999 -9999 -9999 -9999 -9999 -9999 -9999 -9999 -9999 -9999 -9999 -9999 -9999 -9999 -9999 -9999 -9999 -9999 -9999 -9999 81 81 81 80 81 80 80 80 79 78 77 77 77 78 78 77 78 78 78 77 77 77 77 77 77 76 76 76 77 76 76 74 74 73 72 72 71 70 69 68 68 69 68 69 69 69 69 69 69 68 71 71 73 75 75 75 75 75 75 75 75 75 75 75 75 75 75
-9999 -9999 -9999 -9999 -9999 -9999 -9999 -9999 -9999 -9999 -9999 -9999 -9999 -9999 -9999 -9999 -9999 -9999 -9999 -9999 -9999 -9999 -9999 -9999 81 81 81 81 81 81 81 81 79 80 80 79 78 78 78 78 78 78 78 77 77 77 77 77 77 76 76 77 76 76 76 74 74 73 73 72 71 71 69 69 69 69 70 69 69 69 69 68 69 67 69 69 72 73 73 73 74 74 75 77 74 75 77 77 77 76 75
