data/fwi_grid_demo/ffmc_20190124.txt
ncols 177
nrows 174
xllcorner  1436301.375
yllcorner    4916704.5
cellsize 1500
NODATA_value -9999
[rows 80 to 119 of 174, columns 0 to 90 of 177]
-9999 -9999 -9999 -9999 -9999 -9999 -9999 -9999 -9999 -9999 -9999 -9999 -9999 -9999 -9999 -9999 -9999 -9999 -9999 -9999 -9999 -9999 -9999 -9999 -9999 -9999 80 80 80 80 80 80 80 80 80 80 79 79 79 79 78 78 78 78 78 78 77 78 77 78 79 79 79 79 79 78 76 76 76 76 76 76 76 76 76 76 77 77 77 77 77 77 76 77 77 77 78 78 79 79 80 80 80 80 80 81 81 82 82 81 81
-9999 -9999 -9999 -9999 -9999 -9999 -9999 -9999 -9999 -9999 -9999 -9999 -9999 -9999 -9999 -9999 -9999 -9999 -9999 -9999 -9999 -9999 -9999 -9999 -9999 -9999 79 80 80 80 80 80 80 80 79 79 80 78 79 79 78 78 78 78 77 77 77 77 77 78 79 79 78 78 78 78 76 76 75 75 75 75 75 75 75 76 76 76 74 77 76 76 76 77 78 77 77 78 78 79 80 80 80 80 80 80 81 80 80 81 79
-9999 -9999 -9999 -9999 -9999 -9999 -9999 -9999 -9999 -9999 -9999 -9999 -9999 -9999 -9999 -9999 -9999 -9999 -9999 -9999 -9999 -9999 -9999 -9999 -9999 -9999 79 80 80 80 80 79 79 79 79 79 80 79 79 78 78 77 77 77 78 77 77 76 76 78 78 78 78 78 78 77 77 75 74 75 74 74 75 75 75 76 76 76 76 76 76 75 76 77 77 77 77 78 78 79 80 80 80 80 80 80 80 80 80 80 79
-9999 -9999 -9999 -9999 -9999 -9999 -9999 -9999 -9999 -9999 -9999 -9999 -9999 -9999 -9999 -9999 -9999 -9999 -9999 -9999 -9999 -9999 -9999 -9999 -9999 78 78 80 80 80 80 79 79 79 80 80 79 79 79 78 78 78 77 78 78 77 76 76 76 77 78 78 77 77 77 77 77 73 73 73 73 74 74 74 75 75 75 75 76 74 76 75 75 76 76 77 77 77 78 79 79 80 80 80 80 80 80 80 80 79 79
-9999 -9999 -9999 -9999 -9999 -9999 -9999 -9999 -9999 -9999 -9999 -9999 -9999 -9999 -9999 -9999 -9999 -9999 -9999 -9999 -9999 -9999 -9999 -9999 -9999 -9999 78 78 80 80 79 80 79 79 80 80 80 80 79 79 78 77 77 76 78 77 76 76 75 77 78 77 75 77 78 78 77 75 73 72 73 73 73 73 74 74 75 75 75 75 74 75 75 75 75 76 76 77 78 78 79 79 79 80 80 80 80 80 79 79 79
-9999 -9999 -9999 -9999 -9999 -9999 -9999 -9999 -9999 -9999 -9999 -9999 -9999 -9999 -9999 -9999 -9999 -9999 -9999 -9999 -9999 -9999 -9999 -9999 -9999 -9999 -9999 77 80 80 79 79 79 79 79 79 79 80 80 79 78 77 77 76 76 76 76 75 75 76 78 77 74 76 77 78 76 76 74 73 72 72 73 73 73 74 74 74 74 74 72 71 74 74 74 75 76 76 78 78 78 79 79 79 80 79 79 78 78 78 78
-9999 -9999 -9999 -9999 -9999 -9999 -9999 -9999 -9999 -9999 -9999 -9999 -9999 -9999 -9999 -9999 -9999 -9999 -9999 -9999 -9999 -9999 -9999 -9999 -9999 -9999 -9999 77 79 79 79 79 79 79 79 79 79 79 79 79 78 77 77 76 76 77 77 75 74 76 77 77 75 75 76 76 76 75 74 73 72 72 72 72 73 73 73 73 73 74 73 71 73 74 74 75 75 77 77 78 78 79 79 79 79 79 79 79 78 78 78
-9999 -9999 -9999 -9999 -9999 -9999 -9999 -9999 -9999 -9999 -9999 -9999 -9999 -9999 -9999 -9999 -9999 -9999 -9999 -9999 -9999 -9999 -9999 -9999 -9999 -9999 -9999 76 79 79 79 79 79 79 79 79 78 78 78 79 78 77 76 76 76 76 76 75 74 75 77 77 77 76 76 75 75 75 74 71 71 71 71 72 71 71 72 72 73 73 71 70 72 73 73 74 76 77 77 77 78 78 78 79 79 79 79 78 78 78 77
-9999 -9999 -9999 -9999 -9999 -9999 -9999 -9999 -9999 -9999 -9999 -9999 -9999 -9999 -9999 -9999 -9999 -9999 -9999 -9999 -9999 -9999 -9999 -9999 -9999 -9999 -9999 77 78 79 79 78 78 78 78 78 78 78 78 78 78 77 77 76 76 76 75 74 73 75 76 76 75 75 75 75 74 74 72 70 70 71 70 70 70 70 71 71 71 72 71 71 71 73 74 75 75 76 76 77 77 78 78 78 78 78 78 77 77 77 77
-9999 -9999 -9999 -9999 -9999 -9999 -9999 -9999 -9999 -9999 -9999 -9999 -9999 -9999 -9999 -9999 -9999 -9999 -9999 -9999 -9999 -9999 -9999 -9999 -9999 -9999 -9999 77 77 78 78 78 78 78 78 78 78 78 77 77 77 76 76 77 77 77 76 75 74 75 76 76 75 74 75 75 75 73 73 70 68 68 69 70 69 69 69 70 71 71 72 70 71 74 74 74 75 75 76 77 78 78 78 78 78 78 77 77 77 77 76
-9999 -9999 -9999 -9999 -9999 -9999 -9999 -9999 -9999 -9999 -9999 -9999 -9999 -9999 -9999 -9999 -9999 -9999 -9999 -9999 -9999 -9999 -9999 -9999 -9999 -9999 -9999 -9999 76 76 78 78 78 78 78 77 77 77 77 77 76 76 75 77 76 76 76 75 75 76 75 74 74 73 74 75 73 73 72 69 72 68 68 67 67 68 68 69 69 70 70 71 72 73 74 75 75 75 76 77 77 77 77 78 77 78 77 76 76 76 76
-9999 -9999 -9999 -9999 -9999 -9999 -9999 -9999 -9999 -9999 -9999 -9999 -9999 -9999 -9999 -9999 -9999 -9999 -9999 -9999 -9999 -9999 -9999 -9999 -9999 -9999 -9999 -9999 76 76 76 77 78 77 77 77 77 77 77 76 75 75 75 75 75 74 74 75 75 75 75 75 75 75 74 73 72 72 68 70 72 67 66 66 66 67 68 68 70 70 71 72 72 73 74 74 75 76 76 77 76 77 77 77 77 77 77 76 75 75 75
-9999 -9999 -9999 -9999 -9999 -9999 -9999 -9999 -9999 -9999 -9999 -9999 -9999 -9999 -9999 -9999 -9999 -9999 -9999 -9999 -9999 -9999 -9999 -9999 -9999 -9999 -9999 -9999 78 76 76 76 77 77 77 77 77 76 76 75 75 75 74 74 73 72 72 71 74 74 75 74 74 73 73 71 71 69 67 68 67 66 65 65 67 67 68 68 69 69 70 71 72 73 74 74 75 76 75 76 76 76 77 76 77 76 76 76 74 75 75
-9999 -9999 -9999 -9999 -9999 -9999 -9999 -9999 -9999 -9999 -9999 -9999 -9999 -9999 -9999 -9999 -9999 -9999 -9999 -9999 -9999 -9999 -9999 -9999 -9999 -9999 -9999 -9999 -9999 -9999 76 76 75 76 77 77 76 76 76 75 75 74 74 74 73 72 72 70 73 74 74 74 73 73 73 72 68 68 69 65 65 64 66 66 67 67 68 68 69 69 71 71 71 73 74 75 75 75 75 76 76 76 76 76 76 76 75 75 73 74 74
-9999 -9999 -9999 -9999 -9999 -9999 -9999 -9999 -9999 -9999 -9999 -9999 -9999 -9999 -9999 -9999 -9999 -9999 -9999 -9999 -9999 -9999 -9999 -9999 -9999 -9999 -9999 -9999 -9999 -9999 -9999 -9999 75 75 76 76 76 76 75 75 75 74 74 73 72 71 70 71 74 73 74 73 73 72 72 69 66 63 63 62 64 64 64 65 67 67 69 69 69 70 71 72 73 73 74 74 74 75 75 75 75 75 75 76 75 75 75 74 73 73 74
-9999 -9999 -9999 -9999 -9999 -9999 -9999 -9999 -9999 -9999 -9999 -9999 -9999 -9999 -9999 -9999 -9999 -9999 -9999 -9999 -9999 -9999 -9999 -9999 -9999 -9999 -9999 -9999 -9999 -9999 -9999 -9999 73 72 72 73 73 73 75 75 74 74 73 73 72 71 69 73 73 74 73 73 72 72 72 68 63 62 62 62 63 64 65 66 67 68 68 69 70 70 72 72 72 73 73 73 74 73 74 74 74 75 75 74 74 74 74 73 73 72 73
-9999 -9999 -9999 -9999 -9999 -9999 -9999 -9999 -9999 -9999 -9999 -9999 -9999 -9999 -9999 -9999 -9999 -9999 -9999 -9999 -9999 -9999 -9999 -9999 -9999 -9999 -9999 -9999 -9999 -9999 -9999 -9999 71 70 69 68 70 70 70 70 74 73 73 72 71 70 68 73 72 73 73 73 72 72 71 69 63 61 61 62 63 64 65 66 68 68 69 69 71 72 72 72 72 72 72 72 71 72 72 72 72 73 73 73 72 73 73 72 72 72 73
-9999 -9999 -9999 -9999 -9999 -9999 -9999 -9999 -9999 -9999 -9999 -9999 -9999 -9999 -9999 -9999 -9999 -9999 -9999 -9999 -9999 -9999 -9999 -9999 -9999 -9999 -9999 -9999 -9999 -9999 -9999 -9999 -9999 67 66 65 66 66 66 66 67 72 71 71 70 68 69 72 71 70 70 70 70 68 67 67 66 60 60 61 62 64 65 67 68 69 70 69 72 72 72 72 72 70 70 69 70 70 70 71 70 71 71 71 72 71 71 72 72 71 72
-9999 -9999 -9999 -9999 -9999 -9999 -9999 -9999 -9999 -9999 -9999 -9999 -9999 -9999 -9999 -9999 -9999 -9999 -9999 -9999 -9999 -9999 -9999 -9999 -9999 -9999 -9999 -9999 -9999 -9999 -9999 -9999 -9999 64 61 61 62 61 62 63 64 66 69 69 68 68 66 70 70 67 63 61 60 60 60 56 59 60 58 60 61 63 65 66 67 69 69 69 71 70 70 69 69 69 68 69 68 68 68 69 68 69 69 70 70 71 71 71 72 71 72
-9999 -9999 -9999 -9999 -9999 -9999 -9999 -9999 -9999 -9999 -9999 -9999 -9999 -9999 -9999 -9999 -9999 -9999 -9999 -9999 -9999 -9999 -9999 -9999 -9999 -9999 -9999 -9999 -9999 -9999 -9999 -9999 -9999 -9999 57 56 55 57 58 59 60 62 61 68 67 66 65 64 63 62 61 60 59 56 55 54 58 56 57 60 61 63 65 66 68 68 69 69 68 68 68 67 67 67 66 66 66 66 67 67 67 68 69 69 71 71 71 71 72 71 72
-9999 -9999 -9999 -9999 -9999 -9999 -9999 -9999 -9999 -9999 -9999 -9999 -9999 -9999 -9999 -9999 -9999 -9999 -9999 -9999 -9999 -9999 -9999 -9999 -9999 -9999 -9999 -9999 -9999 -9999 -9999 -9999 -9999 -9999 53 51 51 51 53 55 56 57 58 66 66 64 63 62 62 61 60 59 56 55 53 52 53 54 56 59 61 62 64 67 67 67 66 67 67 66 66 65 65 65 63 64 65 64 65 66 66 66 67 67 70 70 70 70 70 70 72
-9999 -9999 -9999 -9999 -9999 -9999 -9999 -9999 -9999 -9999 -9999 -9999 -9999 -9999 -9999 -9999 -9999 -9999 -9999 -9999 -9999 -9999 -9999 -9999 -9999 -9999 -9999 -9999 -9999 -9999 65 -9999 -9999 55 49 47 46 45 47 50 51 54 55 57 65 63 62 62 61 59 59 57 54 54 53 52 51 52 54 57 59 62 64 64 66 66 65 66 65 64 64 63 62 63 63 64 63 62 64 64 65 65 65 66 67 69 70 70 70 70 71
-9999 -9999 -9999 -9999 -9999 -9999 -9999 -9999 -9999 -9999 -9999 -9999 -9999 -9999 -9999 -9999 -9999 -9999 -9999 -9999 -9999 -9999 -9999 -9999 -9999 -9999 -9999 -9999 69 67 63 59 56 52 46 44 41 41 42 45 48 50 52 54 63 62 61 61 60 59 58 56 56 52 50 48 48 49 52 54 57 60 62 63 64 64 64 64 63 62 62 62 60 61 61 62 61 61 62 62 64 64 66 66 67 69 69 70 69 70 71
-9999 -9999 -9999 -9999 -9999 -9999 -9999 -9999 -9999 -9999 -9999 -9999 -9999 -9999 -9999 -9999 -9999 -9999 -9999 -9999 -9999 -9999 72 -9999 -9999 -9999 -9999 -9999 -9999 -9999 62 58 54 50 47 42 40 39 39 40 44 47 50 52 62 61 60 60 59 58 57 55 52 49 47 45 45 46 46 49 52 55 59 62 62 63 63 61 61 60 61 61 60 60 60 60 62 61 61 61 62 64 65 66 67 68 69 70 70 69 71
-9999 -9999 -9999 -9999 -9999 -9999 -9999 -9999 -9999 -9999 -9999 -9999 -9999 -9999 -9999 -9999 -9999 -9999 72 72 72 72 72 -9999 -9999 -9999 -9999 -9999 -9999 65 62 57 53 50 45 43 39 38 37 39 43 46 48 51 57 60 59 58 58 58 57 53 51 48 45 44 43 43 44 47 49 52 57 58 60 61 60 61 60 59 59 59 59 57 58 59 61 62 62 60 62 63 64 66 67 68 70 70 71 70 69
-9999 -9999 -9999 -9999 -9999 -9999 -9999 -9999 -9999 -9999 -9999 -9999 -9999 -9999 -9999 -9999 -9999 -9999 72 72 72 72 72 72 -9999 -9999 -9999 -9999 68 65 62 57 53 49 47 45 41 38 36 38 40 45 47 56 57 60 60 58 57 57 56 54 50 47 44 43 42 41 43 45 47 50 53 55 59 59 59 59 58 58 59 57 59 58 57 60 60 61 62 62 62 64 65 67 67 69 70 71 71 71 70
-9999 -9999 -9999 -9999 -9999 -9999 -9999 -9999 -9999 -9999 -9999 -9999 -9999 -9999 -9999 -9999 -9999 -9999 72 72 72 72 72 72 72 -9999 -9999 -9999 72 66 62 59 55 51 50 48 43 39 39 38 41 44 47 55 56 60 59 57 57 56 54 51 50 47 44 42 40 39 40 44 47 49 52 54 57 58 58 58 59 58 58 57 59 58 56 58 61 62 62 63 63 64 65 66 69 69 71 70 70 70 71
-9999 -9999 -9999 -9999 -9999 -9999 -9999 -9999 -9999 -9999 -9999 -9999 -9999 -9999 -9999 -9999 -9999 72 72 72 72 72 72 72 72 -9999 -9999 72 72 72 65 61 57 54 51 49 46 43 41 40 42 45 53 54 55 55 57 57 56 56 53 51 47 45 42 41 40 40 42 44 46 49 50 55 57 56 56 56 58 58 61 60 58 55 56 57 56 57 59 63 63 65 65 67 68 70 70 71 71 71 71
-9999 -9999 -9999 -9999 -9999 -9999 -9999 -9999 -9999 -9999 -9999 -9999 -9999 -9999 -9999 -9999 -9999 72 72 72 72 72 72 72 72 72 72 72 72 72 67 63 60 57 54 52 49 47 45 43 42 46 53 53 53 53 53 57 56 54 51 47 45 44 43 41 41 41 43 45 46 48 50 58 56 55 54 54 57 57 58 60 60 56 56 57 55 56 57 58 62 65 67 68 68 69 71 72 70 71 71
-9999 -9999 -9999 -9999 -9999 -9999 -9999 -9999 -9999 -9999 -9999 -9999 -9999 -9999 -9999 -9999 -9999 -9999 72 72 72 72 72 72 72 72 72 72 72 72 72 66 63 61 59 56 53 51 48 47 45 51 53 54 53 51 52 50 50 48 50 46 44 42 41 42 43 44 44 46 48 49 56 57 56 53 52 53 54 55 57 61 59 58 57 56 55 56 56 58 61 65 67 68 69 69 72 71 71 71 70
-9999 -9999 -9999 -9999 -9999 -9999 -9999 -9999 -9999 -9999 -9999 -9999 -9999 -9999 -9999 -9999 -9999 -9999 71 72 72 72 72 72 72 72 72 72 72 72 72 71 71 64 62 60 57 56 53 50 55 53 51 54 52 51 50 47 44 42 42 41 39 43 41 42 43 44 46 48 49 53 57 56 54 56 54 53 55 56 59 57 56 58 57 56 55 54 54 56 58 57 62 67 69 69 70 71 70 70 70
-9999 -9999 -9999 -9999 -9999 -9999 -9999 -9999 -9999 -9999 -9999 -9999 -9999 -9999 -9999 -9999 -9999 -9999 71 72 72 71 71 72 72 72 72 72 72 72 72 72 72 72 65 63 60 60 61 63 58 55 53 51 48 50 43 42 41 40 39 39 38 37 38 43 45 46 49 52 56 58 58 55 55 57 57 58 57 58 60 60 58 57 58 55 57 57 48 50 51 53 57 62 65 66 69 71 70 69 70
-9999 -9999 -9999 -9999 -9999 -9999 -9999 -9999 -9999 -9999 -9999 -9999 -9999 -9999 -9999 -9999 -9999 -9999 -9999 71 71 71 72 72 72 72 72 72 72 72 72 72 72 72 72 71 70 71 69 66 60 57 54 50 46 44 42 40 38 38 35 36 37 38 39 41 51 52 55 57 58 61 61 61 61 58 59 60 60 59 62 65 58 58 58 57 52 50 47 47 48 50 53 58 61 63 65 65 65 65 62
-9999 -9999 -9999 -9999 -9999 -9999 -9999 -9999 -9999 -9999 -9999 -9999 -9999 -9999 -9999 -9999 -9999 -9999 71 72 72 72 72 72 72 72 72 72 72 72 72 72 72 72 72 72 71 71 71 68 64 60 57 49 46 41 40 39 36 34 34 34 35 36 39 41 44 52 56 59 61 65 64 64 63 62 60 60 61 62 64 65 60 59 57 53 51 48 47 47 47 47 51 53 58 59 61 61 60 59 58
-9999 -9999 -9999 -9999 -9999 -9999 -9999 -9999 -9999 -9999 -9999 -9999 -9999 -9999 -9999 -9999 -9999 -9999 -9999 72 72 72 72 72 72 72 72 72 72 72 72 72 72 72 72 72 72 71 71 70 68 61 54 50 46 43 39 37 35 32 34 35 34 36 39 42 46 54 57 62 64 68 66 65 64 64 61 60 61 63 65 66 63 62 56 52 50 48 46 45 45 46 48 51 54 57 57 56 56 56 55
-9999 -9999 -9999 -9999 -9999 -9999 -9999 -9999 -9999 -9999 -9999 -9999 -9999 -9999 -9999 -9999 -9999 -9999 -9999 -9999 72 72 72 72 72 72 72 72 72 72 72 72 72 72 72 72 72 71 71 69 67 63 56 50 46 44 39 37 34 33 38 40 34 39 39 43 47 51 61 64 67 68 67 66 64 65 65 63 62 64 65 67 64 64 56 53 50 48 46 45 44 46 47 50 52 55 56 54 54 53 52
-9999 -9999 -9999 -9999 -9999 -9999 -9999 -9999 -9999 -9999 -9999 -9999 -9999 -9999 -9999 -9999 -9999 -9999 -9999 72 72 72 72 72 72 72 72 72 72 72 72 72 72 72 72 72 72 71 70 69 67 63 59 54 47 44 41 38 36 33 33 34 36 37 41 45 49 53 63 68 70 70 68 68 65 64 64 67 69 65 65 67 69 62 59 56 52 49 46 44 44 45 48 49 50 52 52 53 51 49 50
-9999 -9999 -9999 -9999 -9999 -9999 -9999 -9999 -9999 -9999 -9999 -9999 -9999 -9999 -9999 -9999 -9999 -9999 -9999 72 72 72 72 72 72 72 72 72 72 72 72 72 72 72 72 71 71 71 70 68 67 65 60 56 52 47 43 41 37 36 36 36 37 40 44 48 53 57 63 68 71 71 70 69 68 67 66 66 66 67 68 69 71 62 60 59 55 52 48 46 45 47 49 52 51 52 51 51 50 48 45
-9999 -9999 -9999 -9999 -9999 -9999 -9999 -9999 -9999 -9999 -9999 -9999 -9999 -9999 -9999 -9999 -9999 -9999 -9999 -9999 -9999 72 72 72 72 72 72 72 72 72 72 72 72 72 72 71 71 70 69 67 66 64 61 56 54 49 45 42 40 38 38 39 40 43 47 51 56 60 65 71 71 71 71 71 70 69 68 67 67 68 69 70 69 67 64 61 57 52 51 49 49 51 53 55 57 54 53 53 51 48 45
-9999 -9999 -9999 -9999 -9999 -9999 -9999 -9999 -9999 -9999 -9999 -9999 -9999 -9999 -9999 -9999 -9999 -9999 -9999 -9999 -9999 72 72 72 72 72 72 72 72 72 72 72 72 72 71 71 71 69 67 66 65 62 58 58 52 48 46 44 41 41 41 43 44 48 51 55 59 64 68 71 71 71 71 71 71 70 70 69 69 70 71 71 70 68 68 66 63 57 56 54 54 55 55 57 57 57 56 54 53 51 -9999
