data/fwi_grid_demo/ffmc_20190126.txt
ncols 177
nrows 174
xllcorner  1436301.375
yllcorner    4916704.5
cellsize 1500
NODATA_value -9999
[rows 80 to 119 of 174, columns 0 to 90 of 177]
-9999 -9999 -9999 -9999 -9999 -9999 -9999 -9999 -9999 -9999 -9999 -9999 -9999 -9999 -9999 -9999 -9999 -9999 -9999 -9999 -9999 -9999 -9999 -9999 -9999 -9999 82 83 83 83 83 83 83 83 83 83 83 82 82 82 82 82 82 82 82 82 81 82 81 82 83 83 83 83 83 82 81 82 82 82 82 82 82 82 82 82 83 83 82 82 82 82 81 82 82 82 83 83 83 83 83 83 83 83 83 84 84 85 86 85 85
-9999 -9999 -9999 -9999 -9999 -9999 -9999 -9999 -9999 -9999 -9999 -9999 -9999 -9999 -9999 -9999 -9999 -9999 -9999 -9999 -9999 -9999 -9999 -9999 -9999 -9999 81 83 83 83 83 83 83 83 82 82 83 82 82 82 82 82 82 82 81 81 81 81 81 83 83 83 83 82 82 82 82 82 81 81 81 81 81 81 81 82 82 82 80 82 81 81 81 82 83 82 82 83 83 83 83 83 83 83 83 83 84 83 83 84 83
-9999 -9999 -9999 -9999 -9999 -9999 -9999 -9999 -9999 -9999 -9999 -9999 -9999 -9999 -9999 -9999 -9999 -9999 -9999 -9999 -9999 -9999 -9999 -9999 -9999 -9999 81 83 83 82 83 82 82 82 82 82 83 82 82 81 81 81 81 81 82 81 81 80 80 83 83 83 83 83 83 82 82 80 80 81 80 80 81 81 81 82 82 82 82 82 82 81 81 82 82 82 82 82 83 83 83 83 83 83 83 83 83 83 83 83 82
-9999 -9999 -9999 -9999 -9999 -9999 -9999 -9999 -9999 -9999 -9999 -9999 -9999 -9999 -9999 -9999 -9999 -9999 -9999 -9999 -9999 -9999 -9999 -9999 -9999 80 80 82 82 82 82 82 82 82 83 83 83 82 82 81 81 81 81 82 82 82 80 80 80 82 82 82 82 82 82 82 82 79 79 79 79 80 80 80 81 81 81 81 81 80 81 81 81 81 81 82 82 82 82 82 82 83 83 83 83 83 83 83 83 82 82
-9999 -9999 -9999 -9999 -9999 -9999 -9999 -9999 -9999 -9999 -9999 -9999 -9999 -9999 -9999 -9999 -9999 -9999 -9999 -9999 -9999 -9999 -9999 -9999 -9999 -9999 80 80 82 82 82 82 82 82 83 83 83 83 82 82 82 81 81 80 82 81 80 80 80 81 82 81 81 82 83 83 82 81 79 79 79 79 79 79 80 80 81 81 81 80 80 80 80 80 80 81 81 82 82 82 82 82 82 83 83 83 83 83 82 82 82
-9999 -9999 -9999 -9999 -9999 -9999 -9999 -9999 -9999 -9999 -9999 -9999 -9999 -9999 -9999 -9999 -9999 -9999 -9999 -9999 -9999 -9999 -9999 -9999 -9999 -9999 -9999 79 82 82 82 81 82 82 82 82 82 83 83 82 82 80 80 80 80 80 80 79 79 81 82 81 80 81 82 82 81 81 80 79 78 78 79 79 79 80 80 80 80 80 79 78 80 80 80 80 81 81 81 81 81 82 82 82 82 82 82 82 82 82 82
-9999 -9999 -9999 -9999 -9999 -9999 -9999 -9999 -9999 -9999 -9999 -9999 -9999 -9999 -9999 -9999 -9999 -9999 -9999 -9999 -9999 -9999 -9999 -9999 -9999 -9999 -9999 79 81 81 81 81 81 81 81 81 81 82 82 82 81 80 80 80 80 81 81 79 79 81 82 82 81 81 81 81 81 81 80 79 78 78 78 78 79 79 79 79 79 80 79 78 79 80 80 80 80 81 81 81 81 82 82 82 82 82 82 82 82 82 82
-9999 -9999 -9999 -9999 -9999 -9999 -9999 -9999 -9999 -9999 -9999 -9999 -9999 -9999 -9999 -9999 -9999 -9999 -9999 -9999 -9999 -9999 -9999 -9999 -9999 -9999 -9999 78 81 81 81 81 81 81 81 81 81 81 81 82 81 80 80 80 80 80 80 79 78 80 82 81 81 81 81 81 81 81 80 77 77 77 77 78 77 78 78 78 79 79 78 78 78 79 79 79 80 80 80 80 81 81 81 82 82 82 82 81 82 82 81
-9999 -9999 -9999 -9999 -9999 -9999 -9999 -9999 -9999 -9999 -9999 -9999 -9999 -9999 -9999 -9999 -9999 -9999 -9999 -9999 -9999 -9999 -9999 -9999 -9999 -9999 -9999 79 80 81 81 80 80 80 80 80 80 80 80 80 81 80 80 79 80 80 79 78 78 80 81 81 81 80 81 81 80 80 79 77 77 77 77 77 77 77 77 77 77 78 77 77 78 79 79 79 80 80 80 80 80 81 81 81 81 81 81 81 81 81 81
-9999 -9999 -9999 -9999 -9999 -9999 -9999 -9999 -9999 -9999 -9999 -9999 -9999 -9999 -9999 -9999 -9999 -9999 -9999 -9999 -9999 -9999 -9999 -9999 -9999 -9999 -9999 79 79 80 80 80 80 80 80 80 80 80 79 79 79 79 79 80 81 81 80 79 79 80 81 81 80 80 81 81 81 80 79 77 76 76 76 76 76 76 76 76 77 77 78 77 77 79 79 79 79 79 79 80 81 81 81 81 81 81 81 81 81 81 81
-9999 -9999 -9999 -9999 -9999 -9999 -9999 -9999 -9999 -9999 -9999 -9999 -9999 -9999 -9999 -9999 -9999 -9999 -9999 -9999 -9999 -9999 -9999 -9999 -9999 -9999 -9999 -9999 78 78 80 80 80 80 80 79 79 79 79 79 79 79 79 80 80 80 80 79 79 80 80 80 80 80 80 81 80 80 79 76 79 76 76 75 75 76 76 76 76 76 76 77 78 78 79 79 79 79 79 80 80 80 80 81 80 81 81 80 80 80 81
-9999 -9999 -9999 -9999 -9999 -9999 -9999 -9999 -9999 -9999 -9999 -9999 -9999 -9999 -9999 -9999 -9999 -9999 -9999 -9999 -9999 -9999 -9999 -9999 -9999 -9999 -9999 -9999 78 78 78 79 80 79 79 79 79 79 79 78 78 78 78 78 79 78 78 79 80 80 81 81 81 81 80 80 79 79 76 77 79 75 74 74 74 75 75 75 76 76 76 77 77 78 78 78 78 79 79 80 79 80 80 80 80 80 80 80 80 80 80
-9999 -9999 -9999 -9999 -9999 -9999 -9999 -9999 -9999 -9999 -9999 -9999 -9999 -9999 -9999 -9999 -9999 -9999 -9999 -9999 -9999 -9999 -9999 -9999 -9999 -9999 -9999 -9999 80 78 77 78 79 79 79 79 79 78 78 78 78 78 78 78 77 76 76 76 79 79 80 80 80 80 80 79 78 77 75 76 75 74 73 73 74 74 75 75 75 75 75 76 77 78 78 78 78 79 78 79 79 79 79 79 80 80 80 80 78 80 80
-9999 -9999 -9999 -9999 -9999 -9999 -9999 -9999 -9999 -9999 -9999 -9999 -9999 -9999 -9999 -9999 -9999 -9999 -9999 -9999 -9999 -9999 -9999 -9999 -9999 -9999 -9999 -9999 -9999 -9999 77 77 77 78 79 79 78 78 78 77 77 77 77 77 77 76 76 76 78 80 80 80 80 79 79 79 77 76 77 73 73 72 74 74 74 74 74 74 74 74 76 76 76 77 77 78 78 78 78 79 79 79 79 79 79 79 79 79 78 79 79
-9999 -9999 -9999 -9999 -9999 -9999 -9999 -9999 -9999 -9999 -9999 -9999 -9999 -9999 -9999 -9999 -9999 -9999 -9999 -9999 -9999 -9999 -9999 -9999 -9999 -9999 -9999 -9999 -9999 -9999 -9999 -9999 76 76 78 78 78 78 77 77 77 77 77 76 76 75 75 76 79 79 80 79 79 79 79 77 75 71 71 71 72 72 72 72 73 73 74 74 74 75 76 76 76 77 77 77 77 78 78 78 78 78 78 79 78 79 79 78 78 78 79
-9999 -9999 -9999 -9999 -9999 -9999 -9999 -9999 -9999 -9999 -9999 -9999 -9999 -9999 -9999 -9999 -9999 -9999 -9999 -9999 -9999 -9999 -9999 -9999 -9999 -9999 -9999 -9999 -9999 -9999 -9999 -9999 75 75 75 76 76 76 77 77 76 76 76 76 76 75 74 78 79 79 79 79 79 79 79 77 72 70 70 70 71 71 72 73 73 73 73 74 74 75 76 76 76 76 76 76 77 77 77 77 77 78 78 77 78 78 78 77 78 77 78
-9999 -9999 -9999 -9999 -9999 -9999 -9999 -9999 -9999 -9999 -9999 -9999 -9999 -9999 -9999 -9999 -9999 -9999 -9999 -9999 -9999 -9999 -9999 -9999 -9999 -9999 -9999 -9999 -9999 -9999 -9999 -9999 74 73 73 72 74 74 74 74 76 76 76 75 75 74 73 78 79 79 79 79 79 79 78 77 72 69 69 69 70 71 72 72 73 73 74 73 75 75 75 76 76 76 76 76 76 76 76 76 76 77 77 77 77 77 77 77 77 77 78
-9999 -9999 -9999 -9999 -9999 -9999 -9999 -9999 -9999 -9999 -9999 -9999 -9999 -9999 -9999 -9999 -9999 -9999 -9999 -9999 -9999 -9999 -9999 -9999 -9999 -9999 -9999 -9999 -9999 -9999 -9999 -9999 -9999 71 70 70 72 72 72 72 72 75 74 74 73 73 74 78 77 77 77 77 77 76 75 75 74 68 68 69 69 71 71 72 73 73 74 73 75 75 75 75 75 74 74 74 74 75 75 75 75 76 76 76 77 76 77 77 77 77 77
-9999 -9999 -9999 -9999 -9999 -9999 -9999 -9999 -9999 -9999 -9999 -9999 -9999 -9999 -9999 -9999 -9999 -9999 -9999 -9999 -9999 -9999 -9999 -9999 -9999 -9999 -9999 -9999 -9999 -9999 -9999 -9999 -9999 69 66 67 68 68 69 69 70 72 73 73 73 73 71 75 76 74 70 68 68 68 68 65 68 69 66 68 68 69 71 71 72 73 73 73 74 74 74 73 73 73 73 73 74 74 74 74 74 74 74 75 75 76 76 76 77 76 77
-9999 -9999 -9999 -9999 -9999 -9999 -9999 -9999 -9999 -9999 -9999 -9999 -9999 -9999 -9999 -9999 -9999 -9999 -9999 -9999 -9999 -9999 -9999 -9999 -9999 -9999 -9999 -9999 -9999 -9999 -9999 -9999 -9999 -9999 62 63 63 65 66 67 68 68 68 72 72 71 70 69 69 68 68 67 67 64 64 64 67 64 65 67 68 69 71 71 72 72 72 72 72 72 72 72 72 73 72 72 72 72 73 73 73 74 74 74 76 76 76 76 76 76 76
-9999 -9999 -9999 -9999 -9999 -9999 -9999 -9999 -9999 -9999 -9999 -9999 -9999 -9999 -9999 -9999 -9999 -9999 -9999 -9999 -9999 -9999 -9999 -9999 -9999 -9999 -9999 -9999 -9999 -9999 -9999 -9999 -9999 -9999 60 58 58 59 62 63 64 65 65 71 71 69 68 68 68 67 66 66 64 63 62 61 62 63 64 66 67 68 69 71 71 71 70 71 71 71 71 70 70 71 70 70 71 71 71 72 72 73 73 74 76 75 75 76 75 75 76
-9999 -9999 -9999 -9999 -9999 -9999 -9999 -9999 -9999 -9999 -9999 -9999 -9999 -9999 -9999 -9999 -9999 -9999 -9999 -9999 -9999 -9999 -9999 -9999 -9999 -9999 -9999 -9999 -9999 -9999 70 -9999 -9999 63 55 53 53 53 56 59 60 62 62 64 69 68 68 68 67 65 65 64 62 62 62 61 60 61 63 64 66 67 69 69 71 71 69 70 70 69 69 69 69 70 70 70 70 69 71 71 71 72 72 73 74 74 75 75 75 75 76
-9999 -9999 -9999 -9999 -9999 -9999 -9999 -9999 -9999 -9999 -9999 -9999 -9999 -9999 -9999 -9999 -9999 -9999 -9999 -9999 -9999 -9999 -9999 -9999 -9999 -9999 -9999 -9999 72 71 68 65 63 60 53 50 46 48 49 54 57 58 60 61 67 67 66 67 65 64 64 63 63 60 59 58 58 59 60 62 63 66 67 68 69 69 69 68 68 68 68 68 67 67 68 69 68 68 69 69 71 71 72 72 73 74 74 75 74 75 76
-9999 -9999 -9999 -9999 -9999 -9999 -9999 -9999 -9999 -9999 -9999 -9999 -9999 -9999 -9999 -9999 -9999 -9999 -9999 -9999 -9999 -9999 74 -9999 -9999 -9999 -9999 -9999 -9999 -9999 66 64 61 58 55 47 44 43 44 47 52 55 58 59 66 66 65 65 64 64 63 61 60 57 56 54 54 55 55 58 59 62 65 67 67 68 67 66 66 66 67 67 66 66 67 67 69 68 68 68 69 71 71 72 73 74 74 75 74 74 76
-9999 -9999 -9999 -9999 -9999 -9999 -9999 -9999 -9999 -9999 -9999 -9999 -9999 -9999 -9999 -9999 -9999 -9999 74 74 74 74 74 -9999 -9999 -9999 -9999 -9999 -9999 69 66 63 59 58 53 51 43 41 40 44 51 54 55 58 62 64 64 63 63 63 63 60 58 56 54 53 52 53 53 56 57 59 63 64 66 67 66 67 65 65 65 65 66 64 65 67 68 69 69 68 69 70 71 72 73 74 74 74 75 74 73
-9999 -9999 -9999 -9999 -9999 -9999 -9999 -9999 -9999 -9999 -9999 -9999 -9999 -9999 -9999 -9999 -9999 -9999 74 74 74 74 73 73 -9999 -9999 -9999 -9999 71 68 66 62 58 56 56 57 47 41 39 41 45 52 54 61 62 65 65 62 62 62 61 60 57 55 52 52 52 50 52 53 55 57 59 62 64 64 65 65 64 64 65 63 66 65 64 67 68 68 69 69 69 70 71 72 72 74 74 75 75 75 74
-9999 -9999 -9999 -9999 -9999 -9999 -9999 -9999 -9999 -9999 -9999 -9999 -9999 -9999 -9999 -9999 -9999 -9999 74 73 73 73 73 73 73 -9999 -9999 -9999 73 69 65 62 60 56 60 60 48 43 42 41 45 51 53 60 61 64 63 61 62 61 59 57 56 54 52 51 48 48 49 52 54 56 59 60 63 64 65 65 66 64 64 63 65 64 63 64 68 68 69 69 69 70 71 71 74 74 75 74 74 74 75
-9999 -9999 -9999 -9999 -9999 -9999 -9999 -9999 -9999 -9999 -9999 -9999 -9999 -9999 -9999 -9999 -9999 73 73 73 73 73 73 73 73 -9999 -9999 73 73 72 67 64 61 58 56 55 51 47 44 43 46 51 57 58 59 59 61 61 61 61 58 57 54 52 50 49 48 49 50 52 54 56 57 61 63 63 63 63 65 65 67 67 64 62 63 64 63 64 65 69 69 71 70 71 73 74 74 75 75 75 75
-9999 -9999 -9999 -9999 -9999 -9999 -9999 -9999 -9999 -9999 -9999 -9999 -9999 -9999 -9999 -9999 -9999 73 73 73 73 73 73 73 73 73 73 72 72 72 69 65 63 61 58 56 54 50 47 45 45 51 57 57 57 58 58 61 60 58 56 53 51 51 50 48 48 49 51 53 54 56 57 64 62 62 61 62 63 64 65 66 66 63 63 63 61 62 64 65 69 71 71 72 72 73 74 75 74 75 75
-9999 -9999 -9999 -9999 -9999 -9999 -9999 -9999 -9999 -9999 -9999 -9999 -9999 -9999 -9999 -9999 -9999 -9999 73 73 73 73 73 73 73 72 72 72 72 72 72 68 65 63 61 59 56 55 50 49 47 53 56 57 57 55 56 55 55 53 55 52 50 49 48 49 50 51 52 54 55 57 62 62 62 60 60 60 61 62 64 67 65 65 64 63 61 62 62 64 66 70 72 71 72 73 75 74 74 74 73
-9999 -9999 -9999 -9999 -9999 -9999 -9999 -9999 -9999 -9999 -9999 -9999 -9999 -9999 -9999 -9999 -9999 -9999 73 72 73 72 72 72 72 72 72 72 72 72 72 71 71 65 63 61 59 58 55 52 57 55 53 57 56 55 55 52 50 48 49 48 46 50 48 49 50 51 53 55 56 59 62 62 60 62 61 61 62 63 65 64 63 65 64 63 62 61 61 62 64 63 68 72 72 72 74 74 74 73 73
-9999 -9999 -9999 -9999 -9999 -9999 -9999 -9999 -9999 -9999 -9999 -9999 -9999 -9999 -9999 -9999 -9999 -9999 72 72 72 71 71 72 72 72 72 72 72 72 72 72 72 72 66 64 62 62 63 64 59 57 55 54 52 54 49 48 47 47 46 46 46 45 46 51 52 53 56 58 62 63 63 61 61 63 63 64 63 65 66 66 65 64 65 63 64 64 56 58 59 60 63 68 70 70 72 74 74 73 73
-9999 -9999 -9999 -9999 -9999 -9999 -9999 -9999 -9999 -9999 -9999 -9999 -9999 -9999 -9999 -9999 -9999 -9999 -9999 72 72 71 72 72 72 72 72 72 72 72 72 72 72 72 72 71 70 71 69 67 61 59 56 53 50 49 48 46 45 45 43 44 45 46 47 49 57 58 61 63 63 66 66 66 66 64 65 66 66 65 67 70 64 65 65 65 61 59 56 56 56 58 60 64 66 68 69 70 70 70 68
-9999 -9999 -9999 -9999 -9999 -9999 -9999 -9999 -9999 -9999 -9999 -9999 -9999 -9999 -9999 -9999 -9999 -9999 72 72 72 72 72 72 72 72 72 72 72 72 72 72 72 72 71 71 71 71 71 69 65 62 59 52 50 46 46 46 43 42 42 43 44 45 47 49 52 59 62 64 66 69 68 68 68 67 66 66 67 67 69 70 66 65 64 61 60 58 57 57 56 56 59 60 64 65 66 66 66 65 65
-9999 -9999 -9999 -9999 -9999 -9999 -9999 -9999 -9999 -9999 -9999 -9999 -9999 -9999 -9999 -9999 -9999 -9999 -9999 72 72 72 72 72 72 72 72 72 72 72 71 71 71 71 71 71 71 71 71 71 69 63 57 54 50 48 45 43 43 40 43 44 43 45 48 50 54 60 63 67 68 71 70 69 69 70 67 66 67 68 70 70 68 68 63 60 59 57 56 56 55 55 57 59 61 63 63 62 62 63 62
-9999 -9999 -9999 -9999 -9999 -9999 -9999 -9999 -9999 -9999 -9999 -9999 -9999 -9999 -9999 -9999 -9999 -9999 -9999 -9999 72 72 72 72 72 71 71 72 71 71 71 71 71 71 71 71 71 71 71 70 68 65 59 54 51 49 45 44 41 41 47 51 43 48 48 52 55 58 66 68 71 71 71 70 69 71 72 68 68 69 70 71 69 69 64 61 59 57 56 55 54 55 56 58 60 62 63 61 61 61 60
-9999 -9999 -9999 -9999 -9999 -9999 -9999 -9999 -9999 -9999 -9999 -9999 -9999 -9999 -9999 -9999 -9999 -9999 -9999 72 72 72 71 71 71 71 71 71 71 71 71 71 71 71 71 71 71 71 71 70 68 65 62 58 52 50 47 45 44 42 42 43 45 46 50 54 57 60 68 71 73 73 72 72 70 69 69 73 76 70 70 71 73 68 66 64 61 58 56 54 54 55 57 57 58 60 60 60 59 57 58
-9999 -9999 -9999 -9999 -9999 -9999 -9999 -9999 -9999 -9999 -9999 -9999 -9999 -9999 -9999 -9999 -9999 -9999 -9999 72 72 71 71 71 71 71 71 71 71 71 71 71 71 71 71 71 71 71 71 69 69 67 63 60 57 53 50 49 45 44 45 45 46 49 53 56 60 64 68 72 74 74 73 73 72 71 70 71 71 71 72 73 74 68 67 66 63 61 58 56 55 57 58 60 59 60 59 59 58 56 54
-9999 -9999 -9999 -9999 -9999 -9999 -9999 -9999 -9999 -9999 -9999 -9999 -9999 -9999 -9999 -9999 -9999 -9999 -9999 -9999 -9999 71 71 71 71 71 71 71 71 71 71 71 71 71 71 71 71 71 70 68 68 66 64 60 59 55 52 50 48 47 47 48 49 52 55 59 63 66 70 74 74 74 74 74 73 73 72 71 71 72 73 73 73 71 70 67 64 61 60 58 58 60 61 63 64 61 60 60 59 57 54
-9999 -9999 -9999 -9999 -9999 -9999 -9999 -9999 -9999 -9999 -9999 -9999 -9999 -9999 -9999 -9999 -9999 -9999 -9999 -9999 -9999 72 71 71 71 71 71 71 71 71 71 71 71 71 71 71 72 70 68 68 67 65 62 62 58 55 53 52 49 50 50 52 53 56 59 62 65 69 72 74 74 74 74 74 74 73 73 73 73 73 74 74 74 72 72 71 69 64 64 62 62 63 63 64 64 64 63 61 60 58 -9999
