data/fwi_grid_demo/ffmc_20190120.txt
ncols 177
nrows 174
xllcorner  1436301.375
yllcorner    4916704.5
cellsize 1500
NODATA_value -9999
[rows 40 to 79 of 174, columns 0 to 90 of 177]
-9999 -9999 -9999 -9999 -9999 -9999 -9999 -9999 -9999 -9999 -9999 -9999 -9999 -9999 -9999 -9999 -9999 -9999 -9999 -9999 -9999 -9999 -9999 -9999 -9999 -9999 -9999 -9999 -9999 -9999 -9999 -9999 -9999 -9999 -9999 -9999 -9999 -9999 -9999 -9999 -9999 -9999 -9999 -9999 -9999 -9999 -9999 -9999 -9999 -9999 -9999 -9999 -9999 -7557 79 -7557 -7557 76 80 78 76 77 80 80 84 84 84 83 82 80 -7557 -7557 -7557 81 82 83 80 82 82 82 82 81 81 80 -7557 79 80 80 80 80 80
-9999 -9999 -9999 -9999 -9999 -9999 -9999 -9999 -9999 -9999 -9999 -9999 -9999 -9999 -9999 -9999 -9999 -9999 -9999 -9999 -9999 -9999 -9999 -9999 -9999 -9999 -9999 -9999 -9999 -9999 -9999 -9999 -9999 -9999 -9999 -9999 -9999 -9999 -9999 -9999 -9999 -9999 -9999 -9999 -9999 -9999 -9999 -9999 -9999 -9999 -9999 -9999 -7557 80 80 70 78 76 79 80 79 80 82 83 84 84 83 81 -7557 -7557 -7557 -7557 -7557 81 82 82 83 83 83 83 82 82 81 81 81 80 80 81 80 80 80
-9999 -9999 -9999 -9999 -9999 -9999 -9999 -9999 -9999 -9999 -9999 -9999 -9999 -9999 -9999 -9999 -9999 -9999 -9999 -9999 -9999 -9999 -9999 -9999 -9999 -9999 -9999 -9999 -9999 -9999 -9999 -9999 -9999 -9999 -9999 -9999 -9999 -9999 -9999 -9999 -9999 -9999 -9999 -9999 -9999 -9999 -9999 -9999 -9999 -9999 -9999 -9999 -7557 78 79 79 79 79 80 82 80 83 83 84 84 84 81 81 81 81 -7557 65 82 82 82 83 85 84 84 84 84 83 83 82 82 81 81 82 82 82 82
-9999 -9999 -9999 -9999 -9999 -9999 -9999 -9999 -9999 -9999 -9999 -9999 -9999 -9999 -9999 -9999 -9999 -9999 -9999 -9999 -9999 -9999 -9999 -9999 -9999 -9999 -9999 -9999 -9999 -9999 -9999 -9999 -9999 -9999 -9999 -9999 -9999 -9999 -9999 -9999 -9999 -9999 -9999 -9999 -9999 -9999 -9999 -9999 -9999 -9999 -9999 -7557 -7557 78 79 79 81 81 80 82 83 82 83 84 84 84 84 84 84 84 83 82 82 83 83 84 85 84 85 84 84 83 82 82 82 82 82 82 81 81 81
-9999 -9999 -9999 -9999 -9999 -9999 -9999 -9999 -9999 -9999 -9999 -9999 -9999 -9999 -9999 -9999 -9999 -9999 -9999 -9999 -9999 -9999 -9999 -9999 -9999 -9999 -9999 -9999 -9999 -9999 -9999 -9999 -9999 -9999 -9999 -9999 -9999 -9999 -9999 -9999 -9999 -9999 -9999 -9999 -9999 -9999 -9999 -9999 -9999 -7557 78 78 -7557 78 77 78 78 80 82 81 82 83 83 84 84 84 84 84 84 84 84 84 84 84 84 84 82 82 81 81 82 83 83 83 82 81 81 80 81 80 81
-9999 -9999 -9999 -9999 -9999 -9999 -9999 -9999 -9999 -9999 -9999 -9999 -9999 -9999 -9999 -9999 -9999 -9999 -9999 -9999 -9999 -9999 -9999 -9999 -9999 -9999 -9999 -9999 -9999 -9999 -9999 -9999 -9999 -9999 -9999 -9999 -9999 -9999 -9999 -9999 -9999 -9999 -9999 -9999 -9999 -9999 -9999 -9999 -9999 -7557 77 78 78 78 79 80 82 82 81 82 82 83 83 84 83 84 84 84 84 84 84 84 84 84 84 84 82 81 69 81 81 82 81 81 81 81 81 81 80 80 80
-9999 -9999 -9999 -9999 -9999 -9999 -9999 -9999 -9999 -9999 -9999 -9999 -9999 -9999 -9999 -9999 -9999 -9999 -9999 -9999 -9999 -9999 -9999 -9999 -9999 -9999 -9999 -9999 -9999 -9999 -9999 -9999 -9999 -9999 -9999 -9999 -9999 -9999 -9999 -9999 -9999 -9999 -9999 -9999 -9999 -9999 -9999 -7557 77 77 -7557 -7557 75 76 77 77 80 81 82 82 83 83 83 83 80 82 82 81 81 81 81 82 82 81 81 81 81 81 81 -7557 81 81 80 82 80 81 81 80 80 80 -7557
-9999 -9999 -9999 -9999 -9999 -9999 -9999 -9999 -9999 -9999 -9999 -9999 -9999 -9999 -9999 -9999 -9999 -9999 -9999 -9999 -9999 -9999 -9999 -9999 -9999 -9999 -9999 -9999 79 -9999 -9999 -9999 -9999 -9999 -9999 -9999 -9999 -9999 -9999 -9999 -9999 -9999 -9999 -9999 -9999 -9999 -7557 76 76 76 -7557 59 -7557 -7557 72 77 80 82 82 82 79 79 80 79 79 79 81 80 79 79 80 82 81 81 80 81 80 81 81 -7557 -7557 81 65 81 59 80 61 -7557 81 81 -7557
-9999 -9999 -9999 -9999 -9999 -9999 -9999 -9999 -9999 -9999 -9999 -9999 -9999 -9999 -9999 -9999 -9999 -9999 -9999 -9999 -9999 -9999 -9999 -9999 -9999 -9999 -9999 -9999 79 77 76 -9999 77 -9999 -9999 -9999 -9999 -9999 -9999 -9999 -9999 -9999 -9999 -9999 -9999 -9999 -9999 73 75 76 74 74 72 -7557 -7557 76 80 82 82 80 78 77 78 -7557 -7557 79 79 79 -7557 80 80 81 80 81 80 64 80 81 80 81 -7557 80 79 79 -7557 79 -7557 79 79 80 80
-9999 -9999 -9999 -9999 -9999 -9999 -9999 -9999 -9999 -9999 -9999 -9999 -9999 -9999 -9999 -9999 -9999 -9999 -9999 -9999 -9999 -9999 -9999 -9999 -9999 -9999 -9999 79 79 76 76 76 76 76 -9999 -9999 -9999 -9999 -9999 -9999 -9999 -9999 -9999 -9999 -9999 -9999 -9999 74 74 75 77 75 71 70 70 76 80 82 82 82 82 79 79 58 -7557 -7557 -7557 80 -7557 79 80 80 79 79 79 -7557 79 79 -7557 77 -7557 -7557 -7557 -7557 -7557 79 -7557 -7557 -7557 -7557 80
-9999 -9999 -9999 -9999 -9999 -9999 -9999 -9999 -9999 -9999 -9999 -9999 -9999 -9999 -9999 -9999 -9999 -9999 -9999 -9999 -9999 -9999 -9999 -9999 -9999 -9999 -9999 -9999 78 76 75 75 76 75 76 -9999 -9999 -9999 -9999 -9999 -9999 -9999 -9999 -9999 -9999 -9999 71 69 71 73 76 67 74 69 71 77 81 81 82 80 77 78 80 79 78 78 -7557 -7557 -7557 80 79 79 79 79 78 -7557 -7557 -7557 -7557 -7557 -7557 -7557 -7557 -7557 -7557 77 -7557 -7557 78 -7557 -7557
-9999 -9999 -9999 -9999 -9999 -9999 -9999 -9999 -9999 -9999 -9999 -9999 -9999 -9999 -9999 -9999 -9999 -9999 -9999 -9999 -9999 -9999 -9999 -9999 -9999 -9999 -9999 -9999 78 76 76 76 75 75 74 -9999 -9999 -9999 -9999 -9999 -9999 -9999 -9999 -9999 76 75 70 73 73 73 74 73 72 74 74 76 78 79 82 81 77 77 77 79 80 80 79 78 -7557 78 77 78 77 -7557 74 -7557 -7557 54 -7557 72 -7557 72 -7557 -7557 -7557 57 -7557 -7557 78 -7557 -7557
-9999 -9999 -9999 -9999 -9999 -9999 -9999 -9999 -9999 -9999 -9999 -9999 -9999 -9999 -9999 -9999 -9999 -9999 -9999 -9999 -9999 -9999 -9999 -9999 -9999 -9999 -9999 -9999 78 78 75 75 73 72 -9999 -9999 -9999 -9999 -9999 -9999 -9999 -9999 -9999 76 75 76 75 70 73 75 74 74 74 74 75 78 78 79 80 79 76 77 78 77 77 76 75 74 -7557 -7557 72 73 -7557 -7557 -7557 49 71 71 -7557 70 71 70 -7557 -7557 -7557 -7557 -7557 -7557 -7557 -7557 58
-9999 -9999 -9999 -9999 -9999 -9999 -9999 -9999 -9999 -9999 -9999 -9999 -9999 -9999 -9999 -9999 -9999 -9999 -9999 -9999 -9999 -9999 -9999 -9999 -9999 -9999 -9999 -9999 78 78 75 72 71 -9999 -9999 -9999 -9999 -9999 -9999 -9999 -9999 -9999 -9999 75 76 76 76 75 75 73 71 71 73 75 77 77 78 78 78 78 80 80 78 74 73 73 55 69 45 -7557 -7557 -7557 50 -7557 -7557 -7557 69 69 68 -7557 68 68 69 69 71 72 73 -7557 -7557 -7557 -7557
-9999 -9999 -9999 -9999 -9999 -9999 -9999 -9999 -9999 -9999 -9999 -9999 -9999 -9999 -9999 -9999 -9999 -9999 -9999 -9999 -9999 -9999 -9999 -9999 -9999 -9999 -9999 -9999 77 72 73 68 -9999 -9999 -9999 -9999 -9999 -9999 -9999 -9999 -9999 -9999 -9999 -9999 77 76 75 75 72 67 66 62 66 70 73 76 77 78 78 72 71 78 79 76 71 67 65 64 45 -7557 -7557 -7557 -7557 -7557 67 67 66 67 66 67 67 66 66 69 69 -7557 -7557 -7557 -7557 -7557 78
-9999 -9999 -9999 -9999 -9999 -9999 -9999 -9999 -9999 -9999 -9999 -9999 -9999 -9999 -9999 -9999 -9999 -9999 -9999 -9999 -9999 -9999 -9999 -9999 -9999 -9999 -9999 -9999 70 70 69 67 -9999 -9999 -9999 -9999 -9999 -9999 -9999 -9999 -9999 -9999 -9999 -9999 74 72 73 73 69 66 63 69 61 71 75 76 76 78 75 76 73 72 78 78 71 65 60 -7557 59 55 36 57 60 61 63 67 64 65 64 64 58 66 65 68 -7557 -7557 71 -7557 54 -7557 78
-9999 -9999 -9999 -9999 -9999 -9999 -9999 -9999 -9999 -9999 -9999 -9999 -9999 -9999 -9999 -9999 -9999 -9999 -9999 -9999 -9999 -9999 -9999 -9999 -9999 -9999 -9999 70 69 67 66 -9999 62 -9999 -9999 -9999 -9999 -9999 -9999 -9999 -9999 -9999 -9999 -9999 72 72 72 72 69 66 63 71 70 75 76 76 76 77 77 73 71 69 73 73 72 69 61 55 50 50 53 56 57 59 61 66 63 66 62 65 64 64 66 -7557 -7557 -7557 -7557 74 76 77 77
-9999 -9999 -9999 -9999 -9999 -9999 -9999 -9999 -9999 -9999 -9999 -9999 -9999 -9999 -9999 -9999 -9999 -9999 -9999 -9999 -9999 -9999 -9999 -9999 -9999 70 69 69 64 65 64 60 57 58 60 -9999 -9999 -9999 -9999 -9999 -9999 -9999 67 68 69 69 71 68 67 69 70 72 75 76 76 77 77 77 77 73 70 67 67 62 63 62 62 54 47 49 49 52 57 56 63 65 65 62 62 64 63 61 -7557 -7557 -7557 -7557 71 75 75 77 78
-9999 -9999 -9999 -9999 -9999 -9999 -9999 -9999 -9999 -9999 -9999 -9999 -9999 -9999 -9999 -9999 -9999 -9999 -9999 -9999 -9999 -9999 -9999 -9999 69 68 68 66 59 63 64 61 58 57 60 65 -9999 -9999 -9999 -9999 -9999 -9999 -9999 68 64 65 69 71 67 70 74 75 75 75 75 75 77 77 78 77 67 68 44 -7557 57 61 60 48 -7557 -7557 47 47 50 51 58 58 58 65 58 57 62 60 61 63 -7557 68 69 72 74 76 77
-9999 -9999 -9999 -9999 -9999 -9999 -9999 -9999 -9999 -9999 -9999 -9999 -9999 -9999 -9999 -9999 -9999 -9999 -9999 -9999 -9999 -9999 -9999 68 67 66 66 62 59 62 63 62 58 59 58 58 61 -9999 -9999 -9999 -9999 -9999 -9999 63 61 62 66 71 74 75 75 76 76 75 72 73 73 76 77 76 69 69 -7557 60 56 58 60 53 44 -7557 -7557 47 39 51 53 55 56 63 64 62 58 60 49 -7557 -7557 -7557 68 71 74 75 77
-9999 -9999 -9999 -9999 -9999 -9999 -9999 -9999 -9999 -9999 -9999 -9999 -9999 -9999 -9999 -9999 -9999 -9999 -9999 -9999 -9999 -9999 69 66 64 60 59 61 57 56 59 62 59 59 57 58 59 -9999 -9999 -9999 -9999 -9999 -9999 -9999 62 64 67 69 73 76 76 71 67 69 69 70 71 77 76 76 75 69 60 58 58 57 58 54 48 42 44 43 48 50 53 54 56 64 56 57 59 46 -7557 62 -7557 -7557 51 -7557 -7557 75 77
-9999 -9999 -9999 -9999 -9999 -9999 -9999 -9999 -9999 -9999 -9999 -9999 -9999 -9999 -9999 -9999 -9999 -9999 -9999 -9999 -9999 70 69 68 61 61 60 60 60 60 64 64 58 57 57 58 61 66 -9999 -9999 -9999 -9999 -9999 -9999 -9999 68 66 69 70 74 76 72 70 63 63 63 72 71 76 75 73 63 61 57 54 61 50 45 46 44 42 48 47 53 54 55 58 64 57 58 56 59 60 58 61 -7557 66 66 -7557 72 73
-9999 -9999 -9999 -9999 -9999 -9999 -9999 -9999 -9999 -9999 -9999 -9999 -9999 -9999 -9999 -9999 -9999 -9999 -9999 -9999 73 70 71 66 66 66 64 65 65 64 64 59 58 58 56 59 62 67 -9999 -9999 -9999 -9999 -9999 -9999 -9999 -9999 69 71 68 74 76 74 71 68 63 65 70 68 75 75 75 69 62 61 63 53 46 45 44 46 46 48 52 51 54 54 59 59 54 54 59 55 58 58 60 48 65 64 68 69 73
-9999 -9999 -9999 -9999 -9999 -9999 -9999 -9999 -9999 -9999 -9999 -9999 -9999 -9999 -9999 -9999 -9999 -9999 -9999 -9999 73 69 69 68 67 67 66 65 64 61 59 59 57 56 58 60 65 65 -9999 -9999 -9999 -9999 -9999 -9999 -9999 -9999 -9999 70 67 71 76 72 66 66 65 67 71 67 69 74 73 72 59 63 66 56 50 47 49 50 52 54 60 60 60 63 63 63 56 55 54 55 56 56 58 61 62 62 64 68 72
-9999 -9999 -9999 -9999 -9999 -9999 -9999 -9999 -9999 -9999 -9999 -9999 -9999 -9999 -9999 -9999 -9999 -9999 -9999 -9999 71 70 70 67 67 66 67 64 62 59 58 58 58 58 62 59 65 64 66 -9999 -9999 -9999 -9999 -9999 -9999 -9999 66 67 72 75 76 71 63 63 64 66 69 64 69 64 66 71 71 67 65 60 54 52 54 51 52 54 59 61 54 56 65 62 59 59 59 54 58 59 58 60 59 63 68 70 71
-9999 -9999 -9999 -9999 -9999 -9999 -9999 -9999 -9999 -9999 -9999 -9999 -9999 -9999 -9999 -9999 -9999 -9999 -9999 -9999 73 68 67 67 68 68 67 66 62 60 59 58 60 60 61 64 66 67 68 69 -9999 -9999 -9999 -9999 -9999 69 71 72 75 75 76 73 67 60 64 67 68 69 64 56 62 66 70 69 66 62 53 51 51 55 52 51 52 56 54 53 62 64 61 55 61 56 58 59 57 59 64 66 68 62 64
-9999 -9999 -9999 -9999 -9999 -9999 -9999 -9999 -9999 -9999 -9999 -9999 -9999 -9999 -9999 -9999 -9999 -9999 -9999 -9999 -9999 69 67 67 67 68 68 68 64 62 61 61 61 62 63 65 66 67 67 -9999 -9999 -9999 -9999 -9999 -9999 73 74 75 75 72 71 70 66 67 67 63 70 69 65 56 66 70 69 68 67 62 51 51 54 62 58 56 62 61 54 55 62 67 62 59 63 60 55 54 57 59 56 58 66 61 63
-9999 -9999 -9999 -9999 -9999 -9999 -9999 -9999 -9999 -9999 -9999 -9999 -9999 -9999 -9999 -9999 -9999 -9999 -9999 -9999 -9999 -9999 67 67 67 68 67 67 66 66 64 63 63 63 64 63 65 66 -9999 68 -9999 -9999 -9999 -9999 76 75 75 75 72 64 63 63 61 65 71 70 65 65 55 63 69 67 62 67 67 56 59 50 56 61 63 57 58 64 57 54 64 67 63 58 65 57 55 59 54 55 55 62 60 58 59
-9999 -9999 -9999 -9999 -9999 -9999 -9999 -9999 -9999 -9999 -9999 -9999 -9999 -9999 -9999 -9999 -9999 -9999 -9999 -9999 -9999 -9999 68 67 68 69 69 69 66 66 65 65 65 64 64 64 63 64 66 68 70 71 -9999 -9999 71 75 74 72 68 70 65 65 64 68 71 69 67 64 65 68 68 68 65 67 65 60 61 50 61 63 64 62 61 64 63 58 58 64 63 65 65 63 54 56 63 63 60 65 62 62 63
-9999 -9999 -9999 -9999 -9999 -9999 -9999 -9999 -9999 -9999 -9999 -9999 -9999 -9999 -9999 -9999 -9999 -9999 -9999 -9999 -9999 69 69 69 69 70 70 69 67 67 66 65 64 65 65 64 65 64 65 66 69 71 71 72 74 74 75 75 74 71 70 67 68 70 71 71 69 68 68 67 67 67 65 65 64 64 60 59 49 60 64 63 64 64 65 62 62 65 67 63 56 64 54 53 56 59 63 63 64 63 57
-9999 -9999 -9999 -9999 -9999 -9999 -9999 -9999 -9999 -9999 -9999 -9999 -9999 -9999 -9999 -9999 -9999 -9999 -9999 72 71 71 69 70 71 72 72 70 68 67 66 66 65 66 64 63 64 64 65 66 68 69 70 73 74 75 74 73 73 73 72 71 71 71 70 70 69 68 67 67 66 66 62 63 64 63 61 57 51 51 59 63 65 63 62 66 67 67 67 64 57 62 57 54 53 64 62 63 63 63 56
-9999 -9999 -9999 -9999 -9999 -9999 -9999 -9999 -9999 -9999 -9999 -9999 -9999 -9999 -9999 -9999 -9999 -9999 -9999 72 72 71 70 71 72 71 73 72 70 69 66 67 65 64 63 63 64 65 65 67 68 69 71 72 71 73 73 73 72 70 71 72 70 71 69 69 68 67 67 66 65 63 61 62 63 62 61 61 59 50 52 57 64 63 65 65 63 63 64 59 55 57 56 63 57 65 63 62 62 55 57
-9999 -9999 -9999 -9999 -9999 -9999 -9999 -9999 -9999 -9999 -9999 -9999 -9999 -9999 -9999 -9999 -9999 -9999 -9999 -9999 72 71 71 72 72 72 73 72 71 70 69 67 66 65 64 63 65 64 66 67 69 70 72 72 73 72 72 72 72 70 70 71 71 71 70 69 68 67 66 65 65 63 59 61 62 62 61 61 61 58 58 57 61 65 64 64 64 56 60 60 62 62 59 63 65 66 59 59 57 63 65
-9999 -9999 -9999 -9999 -9999 -9999 -9999 -9999 -9999 -9999 -9999 -9999 -9999 -9999 -9999 -9999 -9999 -9999 -9999 -9999 73 73 74 74 74 74 74 75 72 71 70 68 66 66 65 65 66 67 67 69 69 70 72 72 72 72 72 72 72 72 71 71 69 71 69 69 68 67 66 65 65 62 59 59 61 61 60 62 62 62 63 63 65 64 63 64 64 63 59 65 63 63 66 66 65 65 65 64 60 65 65
-9999 -9999 -9999 -9999 -9999 -9999 -9999 -9999 -9999 -9999 -9999 -9999 -9999 -9999 -9999 -9999 -9999 -9999 -9999 -9999 -9999 75 75 76 76 76 77 77 74 73 72 69 69 68 68 69 69 69 69 70 69 71 72 72 72 71 71 72 71 73 71 71 71 69 69 69 68 67 66 64 63 63 62 61 61 60 59 61 62 63 63 64 64 63 63 63 64 64 63 64 66 66 66 66 62 56 62 59 56 60 63
-9999 -9999 -9999 -9999 -9999 -9999 -9999 -9999 -9999 -9999 -9999 -9999 -9999 -9999 -9999 -9999 -9999 -9999 -9999 -9999 -9999 77 77 76 77 77 77 77 76 73 71 70 70 71 70 69 70 70 70 70 70 72 72 72 72 71 71 71 73 73 72 72 71 70 70 69 68 67 66 64 63 62 62 61 60 61 58 62 62 63 63 62 62 62 63 64 64 64 65 66 66 66 67 66 62 65 63 64 64 63 65
-9999 -9999 -9999 -9999 -9999 -9999 -9999 -9999 -9999 -9999 -9999 -9999 -9999 -9999 -9999 -9999 -9999 -9999 -9999 -9999 -9999 -9999 -9999 -9999 78 78 78 78 77 75 73 72 72 71 70 70 70 70 70 71 71 73 73 72 72 72 73 73 72 72 72 72 71 70 70 69 68 67 66 64 64 62 62 61 61 61 59 61 62 63 63 62 61 62 62 63 64 64 66 67 68 67 66 68 68 68 67 67 66 65 66
-9999 -9999 -9999 -9999 -9999 -9999 -9999 -9999 -9999 -9999 -9999 -9999 -9999 -9999 -9999 -9999 -9999 -9999 -9999 -9999 -9999 -9999 -9999 -9999 80 79 79 79 78 78 75 73 73 73 72 72 72 72 72 73 73 73 73 73 73 73 73 73 72 73 73 72 73 73 71 69 68 67 66 66 64 64 62 61 61 62 60 62 61 61 61 61 63 63 62 61 63 67 67 69 68 67 66 69 68 69 68 68 68 67 66
-9999 -9999 -9999 -9999 -9999 -9999 -9999 -9999 -9999 -9999 -9999 -9999 -9999 -9999 -9999 -9999 -9999 -9999 -9999 -9999 -9999 -9999 -9999 -9999 81 80 80 79 79 78 78 77 76 74 73 73 72 74 74 73 74 75 74 73 73 73 73 73 73 72 72 72 73 73 72 69 69 68 66 66 64 63 62 60 60 61 60 61 61 61 61 60 61 60 62 62 65 67 67 67 68 68 68 68 68 69 68 68 69 68 68
-9999 -9999 -9999 -9999 -9999 -9999 -9999 -9999 -9999 -9999 -9999 -9999 -9999 -9999 -9999 -9999 -9999 -9999 -9999 -9999 -9999 -9999 -9999 -9999 81 81 81 80 80 80 79 79 77 78 77 76 74 75 75 75 74 74 74 73 73 73 73 73 73 72 72 73 73 72 72 70 69 68 67 66 64 64 61 61 61 61 62 61 61 61 61 60 60 58 60 61 64 65 65 66 67 68 69 71 68 69 71 71 71 70 68
