data/fwi_grid_demo/ffmc_20190129.txt
ncols 177
nrows 174
xllcorner  1436301.375
yllcorner    4916704.5
cellsize 1500
NODATA_value -9999
[rows 80 to 119 of 174, columns 0 to 90 of 177]
-9999 -9999 -9999 -9999 -9999 -9999 -9999 -9999 -9999 -9999 -9999 -9999 -9999 -9999 -9999 -9999 -9999 -9999 -9999 -9999 -9999 -9999 -9999 -9999 -9999 -9999 78 77 77 77 77 75 74 76 77 77 77 76 76 76 75 75 74 74 74 73 73 74 74 74 74 74 74 75 74 72 70 69 68 67 66 64 63 62 61 60 60 60 59 60 60 58 57 58 58 58 59 61 62 64 65 67 67 67 68 69 70 72 74 73 71
-9999 -9999 -9999 -9999 -9999 -9999 -9999 -9999 -9999 -9999 -9999 -9999 -9999 -9999 -9999 -9999 -9999 -9999 -9999 -9999 -9999 -9999 -9999 -9999 -9999 -9999 76 78 76 75 75 74 74 76 76 76 77 75 76 76 75 75 75 74 74 74 73 74 74 75 74 75 75 75 74 74 72 71 69 67 66 64 63 63 61 62 60 60 55 60 58 56 55 56 58 56 57 60 61 63 65 66 68 68 69 69 69 68 68 69 65
-9999 -9999 -9999 -9999 -9999 -9999 -9999 -9999 -9999 -9999 -9999 -9999 -9999 -9999 -9999 -9999 -9999 -9999 -9999 -9999 -9999 -9999 -9999 -9999 -9999 -9999 77 77 76 75 75 75 75 75 75 76 76 76 76 76 75 75 74 75 75 75 74 73 73 75 75 75 75 76 75 75 73 70 68 68 66 65 64 63 63 62 61 60 60 59 57 54 53 55 56 54 56 58 60 63 65 67 68 69 69 70 69 68 68 68 66
-9999 -9999 -9999 -9999 -9999 -9999 -9999 -9999 -9999 -9999 -9999 -9999 -9999 -9999 -9999 -9999 -9999 -9999 -9999 -9999 -9999 -9999 -9999 -9999 -9999 78 76 76 76 75 74 74 74 74 75 75 76 76 77 76 76 75 75 76 76 75 74 74 74 75 76 76 75 75 76 76 75 71 69 69 68 66 65 64 63 62 61 60 60 54 55 53 51 51 51 52 54 56 59 62 65 67 68 69 69 69 70 69 68 66 65
-9999 -9999 -9999 -9999 -9999 -9999 -9999 -9999 -9999 -9999 -9999 -9999 -9999 -9999 -9999 -9999 -9999 -9999 -9999 -9999 -9999 -9999 -9999 -9999 -9999 -9999 77 75 76 75 74 74 74 74 74 75 76 76 76 77 77 75 75 75 76 76 75 74 74 75 76 75 75 76 77 77 76 74 70 69 68 67 65 64 63 63 61 60 58 55 51 51 49 49 49 50 52 55 58 61 65 67 68 70 70 70 70 69 67 66 65
-9999 -9999 -9999 -9999 -9999 -9999 -9999 -9999 -9999 -9999 -9999 -9999 -9999 -9999 -9999 -9999 -9999 -9999 -9999 -9999 -9999 -9999 -9999 -9999 -9999 -9999 -9999 76 76 75 75 74 74 75 76 76 77 77 77 77 77 76 76 76 76 75 75 74 74 75 76 76 75 77 78 78 77 76 74 72 69 68 67 65 63 63 61 58 57 54 49 45 46 47 49 49 52 54 57 61 65 67 68 70 70 70 70 68 67 66 65
-9999 -9999 -9999 -9999 -9999 -9999 -9999 -9999 -9999 -9999 -9999 -9999 -9999 -9999 -9999 -9999 -9999 -9999 -9999 -9999 -9999 -9999 -9999 -9999 -9999 -9999 -9999 76 77 76 75 74 74 75 76 76 77 77 78 78 78 77 77 77 77 77 77 75 74 76 77 78 77 77 78 78 78 77 76 73 72 69 69 67 66 64 59 57 55 52 49 45 46 47 49 50 52 56 59 63 66 68 68 70 71 71 69 69 67 66 65
-9999 -9999 -9999 -9999 -9999 -9999 -9999 -9999 -9999 -9999 -9999 -9999 -9999 -9999 -9999 -9999 -9999 -9999 -9999 -9999 -9999 -9999 -9999 -9999 -9999 -9999 -9999 77 77 76 76 76 76 76 76 76 77 78 78 79 79 78 78 77 77 77 77 75 75 76 79 78 78 78 78 78 77 77 75 71 70 69 68 67 65 63 61 59 57 53 47 45 47 48 49 51 54 57 60 64 67 69 69 71 71 71 69 68 67 66 65
-9999 -9999 -9999 -9999 -9999 -9999 -9999 -9999 -9999 -9999 -9999 -9999 -9999 -9999 -9999 -9999 -9999 -9999 -9999 -9999 -9999 -9999 -9999 -9999 -9999 -9999 -9999 78 78 78 78 77 77 76 77 77 78 78 78 79 80 79 79 78 78 78 77 76 77 78 79 78 78 78 78 78 77 76 74 71 70 69 67 66 64 61 60 58 57 55 50 47 49 50 51 54 56 60 63 66 68 70 70 71 71 71 71 70 69 67 66
-9999 -9999 -9999 -9999 -9999 -9999 -9999 -9999 -9999 -9999 -9999 -9999 -9999 -9999 -9999 -9999 -9999 -9999 -9999 -9999 -9999 -9999 -9999 -9999 -9999 -9999 -9999 80 78 79 79 78 78 78 78 79 78 79 79 80 79 80 79 80 80 79 79 79 78 78 79 79 78 78 78 78 78 76 74 71 68 67 67 65 63 62 59 57 57 55 53 51 51 52 54 57 60 62 65 68 70 71 72 72 73 72 71 71 69 68 66
-9999 -9999 -9999 -9999 -9999 -9999 -9999 -9999 -9999 -9999 -9999 -9999 -9999 -9999 -9999 -9999 -9999 -9999 -9999 -9999 -9999 -9999 -9999 -9999 -9999 -9999 -9999 -9999 79 79 80 79 79 79 79 79 79 80 80 80 80 80 80 81 80 81 80 80 79 79 79 78 78 78 77 78 77 75 73 71 71 67 65 65 63 61 59 57 58 56 54 53 56 57 60 62 63 66 68 69 72 73 73 73 73 72 72 70 69 67 67
-9999 -9999 -9999 -9999 -9999 -9999 -9999 -9999 -9999 -9999 -9999 -9999 -9999 -9999 -9999 -9999 -9999 -9999 -9999 -9999 -9999 -9999 -9999 -9999 -9999 -9999 -9999 -9999 80 80 80 80 80 80 80 80 80 80 81 81 80 81 81 81 81 81 80 79 80 79 79 79 79 79 78 77 75 74 71 71 72 67 64 63 62 62 60 58 59 58 57 59 59 61 63 65 67 70 71 73 74 74 74 74 74 73 72 70 69 68 67
-9999 -9999 -9999 -9999 -9999 -9999 -9999 -9999 -9999 -9999 -9999 -9999 -9999 -9999 -9999 -9999 -9999 -9999 -9999 -9999 -9999 -9999 -9999 -9999 -9999 -9999 -9999 -9999 83 81 81 81 81 81 81 82 82 82 82 82 82 82 82 82 81 81 79 78 79 79 80 79 79 79 79 77 75 73 70 70 69 65 64 63 63 62 61 60 61 60 60 61 62 64 67 67 70 72 73 73 73 74 74 74 74 73 72 70 68 68 67
-9999 -9999 -9999 -9999 -9999 -9999 -9999 -9999 -9999 -9999 -9999 -9999 -9999 -9999 -9999 -9999 -9999 -9999 -9999 -9999 -9999 -9999 -9999 -9999 -9999 -9999 -9999 -9999 -9999 -9999 82 82 81 81 82 82 82 82 82 82 82 82 82 82 81 81 80 78 79 80 80 80 80 79 79 78 74 72 73 67 66 64 64 63 63 63 62 61 62 62 63 64 65 68 69 70 72 73 74 75 75 74 74 74 74 73 72 71 68 68 68
-9999 -9999 -9999 -9999 -9999 -9999 -9999 -9999 -9999 -9999 -9999 -9999 -9999 -9999 -9999 -9999 -9999 -9999 -9999 -9999 -9999 -9999 -9999 -9999 -9999 -9999 -9999 -9999 -9999 -9999 -9999 -9999 81 81 81 81 81 82 81 81 81 81 81 81 81 80 79 79 81 81 81 80 80 80 80 77 73 68 67 66 65 65 65 64 64 66 66 66 68 70 70 72 72 73 74 74 74 74 75 75 75 75 75 75 74 73 72 71 69 67 68
-9999 -9999 -9999 -9999 -9999 -9999 -9999 -9999 -9999 -9999 -9999 -9999 -9999 -9999 -9999 -9999 -9999 -9999 -9999 -9999 -9999 -9999 -9999 -9999 -9999 -9999 -9999 -9999 -9999 -9999 -9999 -9999 81 80 80 81 81 81 81 81 81 81 81 81 80 80 79 81 82 82 81 81 80 80 80 77 72 68 68 66 66 65 67 67 66 66 66 67 70 71 71 72 72 73 74 74 74 74 74 74 74 75 75 74 74 74 72 71 70 68 67
-9999 -9999 -9999 -9999 -9999 -9999 -9999 -9999 -9999 -9999 -9999 -9999 -9999 -9999 -9999 -9999 -9999 -9999 -9999 -9999 -9999 -9999 -9999 -9999 -9999 -9999 -9999 -9999 -9999 -9999 -9999 -9999 80 80 80 79 80 79 79 79 80 80 80 80 80 79 78 82 83 82 82 82 82 81 81 78 73 69 68 68 67 68 68 67 68 68 69 67 72 72 72 73 73 74 74 74 74 74 74 74 74 74 74 74 74 74 74 73 71 70 67
-9999 -9999 -9999 -9999 -9999 -9999 -9999 -9999 -9999 -9999 -9999 -9999 -9999 -9999 -9999 -9999 -9999 -9999 -9999 -9999 -9999 -9999 -9999 -9999 -9999 -9999 -9999 -9999 -9999 -9999 -9999 -9999 -9999 78 78 78 79 79 79 78 78 80 79 79 78 78 79 82 82 82 81 81 81 80 79 79 75 71 69 70 68 69 68 68 69 69 69 71 73 73 73 73 73 73 73 73 73 74 74 74 74 74 74 74 74 73 73 73 72 69 68
-9999 -9999 -9999 -9999 -9999 -9999 -9999 -9999 -9999 -9999 -9999 -9999 -9999 -9999 -9999 -9999 -9999 -9999 -9999 -9999 -9999 -9999 -9999 -9999 -9999 -9999 -9999 -9999 -9999 -9999 -9999 -9999 -9999 78 77 77 77 77 78 78 78 78 78 78 78 78 77 80 80 79 76 75 75 74 74 72 75 74 71 71 70 69 70 69 70 70 70 72 73 73 73 73 73 73 73 73 73 73 73 73 73 73 73 74 73 73 73 72 72 68 68
-9999 -9999 -9999 -9999 -9999 -9999 -9999 -9999 -9999 -9999 -9999 -9999 -9999 -9999 -9999 -9999 -9999 -9999 -9999 -9999 -9999 -9999 -9999 -9999 -9999 -9999 -9999 -9999 -9999 -9999 -9999 -9999 -9999 -9999 75 75 75 76 76 76 77 77 77 77 77 77 77 76 76 75 75 74 74 72 72 72 74 71 71 72 72 72 72 71 71 71 72 72 72 72 73 73 73 73 72 72 72 72 73 73 73 73 73 73 74 74 73 72 71 68 68
-9999 -9999 -9999 -9999 -9999 -9999 -9999 -9999 -9999 -9999 -9999 -9999 -9999 -9999 -9999 -9999 -9999 -9999 -9999 -9999 -9999 -9999 -9999 -9999 -9999 -9999 -9999 -9999 -9999 -9999 -9999 -9999 -9999 -9999 74 73 73 73 75 75 75 75 75 76 76 76 75 75 75 74 73 73 72 72 72 71 71 71 71 71 72 72 72 73 73 73 71 72 72 72 72 71 71 72 71 71 72 72 72 72 72 73 73 73 75 74 72 73 71 68 68
-9999 -9999 -9999 -9999 -9999 -9999 -9999 -9999 -9999 -9999 -9999 -9999 -9999 -9999 -9999 -9999 -9999 -9999 -9999 -9999 -9999 -9999 -9999 -9999 -9999 -9999 -9999 -9999 -9999 -9999 78 -9999 -9999 75 71 71 71 70 71 73 73 74 74 74 76 75 75 75 74 73 73 73 72 72 71 71 70 70 70 71 72 72 73 72 73 73 71 72 72 71 70 70 70 71 71 71 71 71 72 72 72 73 73 73 74 73 73 73 71 68 69
-9999 -9999 -9999 -9999 -9999 -9999 -9999 -9999 -9999 -9999 -9999 -9999 -9999 -9999 -9999 -9999 -9999 -9999 -9999 -9999 -9999 -9999 -9999 -9999 -9999 -9999 -9999 -9999 79 79 78 77 76 74 71 69 67 67 68 70 72 72 73 73 75 75 74 74 74 73 73 72 72 70 69 69 69 69 69 69 70 72 72 73 72 72 72 71 70 71 71 71 70 70 71 71 70 71 72 71 72 72 73 73 73 73 73 73 70 69 69
-9999 -9999 -9999 -9999 -9999 -9999 -9999 -9999 -9999 -9999 -9999 -9999 -9999 -9999 -9999 -9999 -9999 -9999 -9999 -9999 -9999 -9999 80 -9999 -9999 -9999 -9999 -9999 -9999 -9999 77 76 74 74 72 67 65 64 65 66 70 70 72 72 74 74 74 74 73 73 72 71 70 69 68 67 66 67 67 68 69 70 71 72 72 72 71 70 70 70 70 70 70 70 70 71 72 71 71 71 72 72 72 73 74 74 73 73 71 69 69
-9999 -9999 -9999 -9999 -9999 -9999 -9999 -9999 -9999 -9999 -9999 -9999 -9999 -9999 -9999 -9999 -9999 -9999 80 80 80 80 -7557 -9999 -9999 -9999 -9999 -9999 -9999 -7557 77 75 74 73 71 70 64 62 61 64 69 70 70 71 72 73 -7557 72 72 72 72 70 70 69 67 66 66 66 66 67 68 69 71 71 71 72 71 72 70 70 70 70 71 69 69 71 72 73 73 71 72 72 73 73 74 75 74 73 72 70 66
-9999 -9999 -9999 -9999 -9999 -9999 -9999 -9999 -9999 -9999 -9999 -9999 -9999 -9999 -9999 -9999 -9999 -9999 80 -7557 -7557 80 79 79 -9999 -9999 -9999 -9999 -7557 -7557 76 75 72 72 72 74 67 62 60 61 65 68 70 72 72 73 73 72 72 71 71 71 69 68 67 66 66 65 66 66 67 68 68 70 71 71 72 72 70 70 70 69 71 70 69 72 72 72 73 73 73 73 73 74 74 75 75 75 73 71 69
-9999 -9999 -9999 -9999 -9999 -9999 -9999 -9999 -9999 -9999 -9999 -9999 -9999 -9999 -9999 -9999 -9999 -9999 -7557 -7557 -7557 80 -7557 79 79 -9999 -9999 -9999 -7557 77 75 74 73 72 75 75 67 64 62 61 64 68 69 72 72 73 73 71 72 71 71 69 69 68 67 66 64 64 65 66 67 -7557 69 69 71 72 72 72 73 71 71 70 71 70 69 70 73 73 73 73 72 73 74 74 75 75 76 75 72 71 71
-9999 -9999 -9999 -9999 -9999 -9999 -9999 -9999 -9999 -9999 -9999 -9999 -9999 -9999 -9999 -9999 -9999 -7557 80 -7557 -7557 -7557 79 79 79 -9999 -9999 79 -7557 78 76 -7557 73 -7557 71 71 68 66 63 61 64 68 70 71 71 71 71 71 71 71 70 69 68 67 66 65 65 65 66 66 67 69 69 70 71 71 71 71 72 72 73 73 71 69 70 70 69 70 70 74 73 74 73 74 75 75 75 75 75 73 73
-9999 -9999 -9999 -9999 -9999 -9999 -9999 -9999 -9999 -9999 -9999 -9999 -9999 -9999 -9999 -9999 -9999 -7557 -7557 -7557 79 79 79 79 79 78 78 78 78 78 77 75 74 73 72 71 70 67 64 62 62 68 70 70 70 70 70 71 71 70 69 67 -7557 67 66 65 65 66 67 67 68 68 69 73 71 71 71 71 71 72 72 73 73 70 70 70 68 69 70 71 74 74 74 74 74 74 76 76 75 74 73
-9999 -9999 -9999 -9999 -9999 -9999 -9999 -9999 -9999 -9999 -9999 -9999 -9999 -9999 -9999 -9999 -9999 -9999 -7557 79 79 79 79 79 79 78 -7557 78 78 78 78 76 75 74 73 72 71 70 65 65 63 66 69 70 70 69 70 69 69 68 68 68 66 66 -7557 66 66 67 68 68 68 69 72 71 71 71 71 71 71 72 72 74 73 73 72 71 69 69 69 70 72 74 75 74 74 75 77 75 75 74 72
-9999 -9999 -9999 -9999 -9999 -9999 -9999 -9999 -9999 -9999 -9999 -9999 -9999 -9999 -9999 -9999 -9999 -9999 79 79 79 79 79 79 79 78 78 78 77 77 77 77 77 74 73 73 71 -7557 68 66 68 67 66 70 69 69 69 67 67 66 67 66 65 66 66 66 67 67 68 69 69 71 72 72 71 72 72 72 73 73 73 73 73 73 73 72 71 70 70 69 71 70 74 75 75 74 76 76 75 74 73
-9999 -9999 -9999 -9999 -9999 -9999 -9999 -9999 -9999 -9999 -9999 -9999 -9999 -9999 -9999 -9999 -9999 -9999 -7557 79 79 78 78 78 78 78 78 78 77 77 77 77 77 77 74 73 73 72 72 72 69 68 67 67 66 68 66 65 65 65 65 65 65 64 65 68 68 68 69 70 72 73 72 72 72 73 73 73 73 74 74 74 74 73 74 73 73 73 69 69 69 70 -7557 -7557 74 74 74 76 76 74 73
-9999 -9999 -9999 -9999 -9999 -9999 -9999 -9999 -9999 -9999 -9999 -9999 -9999 -9999 -9999 -9999 -9999 -9999 -9999 79 -7557 78 78 78 78 78 78 78 77 77 77 77 77 77 77 76 76 76 75 74 70 69 68 66 65 65 65 64 64 65 64 64 65 65 66 66 71 71 72 73 73 74 74 74 74 73 74 74 74 74 75 76 74 74 74 74 72 72 69 69 -7557 69 70 72 73 74 74 74 74 74 72
-9999 -9999 -9999 -9999 -9999 -9999 -9999 -9999 -9999 -9999 -9999 -9999 -9999 -9999 -9999 -9999 -9999 -9999 -7557 -7557 -7557 78 78 78 -7557 78 78 78 77 77 77 77 77 77 -7557 76 76 76 76 75 72 70 69 66 65 62 64 65 63 63 63 64 64 65 66 67 69 72 73 74 74 76 76 76 76 75 74 74 75 75 76 76 74 74 74 73 72 -7557 71 71 70 69 70 70 72 72 73 73 73 72 71
-9999 -9999 -9999 -9999 -9999 -9999 -9999 -9999 -9999 -9999 -9999 -9999 -9999 -9999 -9999 -9999 -9999 -9999 -9999 78 78 78 78 78 78 78 78 78 -7557 77 77 77 76 76 76 76 76 76 76 76 75 71 68 67 65 63 62 61 63 61 64 66 64 66 67 68 70 72 74 75 76 76 76 77 77 77 75 75 75 76 77 76 76 76 74 73 73 72 71 71 70 70 70 70 71 72 72 71 71 72 71
-9999 -9999 -9999 -9999 -9999 -9999 -9999 -9999 -9999 -9999 -9999 -9999 -9999 -9999 -9999 -9999 -9999 -9999 -9999 -9999 78 78 77 -7557 77 77 77 78 77 77 -7557 77 76 76 76 76 76 -7557 76 76 75 74 69 67 66 65 63 62 60 61 67 71 64 68 67 69 71 72 75 76 77 77 77 77 77 78 79 76 76 77 77 77 76 76 75 74 73 73 72 71 70 70 70 71 72 72 72 72 72 72 71
-9999 -9999 -9999 -9999 -9999 -9999 -9999 -9999 -9999 -9999 -9999 -9999 -9999 -9999 -9999 -9999 -9999 -9999 -9999 -7557 78 78 77 77 77 77 77 77 77 77 -7557 77 76 -7557 -7557 76 76 -7557 -7557 76 75 74 73 70 67 66 64 62 62 63 62 63 64 65 68 70 72 73 -7557 77 78 78 77 77 77 77 77 80 81 77 77 77 78 76 76 75 74 73 72 71 71 71 72 70 71 -7557 72 72 71 70 70
-9999 -9999 -9999 -9999 -9999 -9999 -9999 -9999 -9999 -9999 -9999 -9999 -9999 -9999 -9999 -9999 -9999 -9999 -9999 -7557 -7557 -7557 77 77 77 77 77 77 77 77 77 -7557 -7557 -7557 76 76 76 76 76 75 75 75 73 72 71 69 68 67 64 64 64 64 65 67 69 -7557 73 -7557 76 -7557 78 78 78 78 78 78 76 78 78 78 78 78 79 76 76 76 75 74 73 72 71 72 73 73 72 72 71 -7557 70 69 68
-9999 -9999 -9999 -9999 -9999 -9999 -9999 -9999 -9999 -9999 -9999 -9999 -9999 -9999 -9999 -9999 -9999 -9999 -9999 -9999 -9999 -7557 77 77 77 77 77 77 77 77 -7557 76 -7557 76 76 76 76 76 -7557 75 75 75 73 -7557 72 -7557 -7557 -7557 66 66 65 66 67 68 70 72 -7557 -7557 -7557 -7557 78 78 -7557 78 78 78 78 77 77 78 78 78 78 77 77 77 75 74 74 73 73 73 73 74 75 73 72 72 71 70 68
-9999 -9999 -9999 -9999 -9999 -9999 -9999 -9999 -9999 -9999 -9999 -9999 -9999 -9999 -9999 -9999 -9999 -9999 -9999 -9999 -9999 -7557 77 77 77 77 77 77 77 77 -7557 -7557 -7557 76 76 -7557 77 76 -7557 75 -7557 -7557 -7557 74 -7557 70 69 -7557 67 68 68 69 69 71 72 73 -7557 -7557 77 77 -7557 -7557 78 78 -7557 -7557 78 78 78 78 78 78 79 78 78 77 77 75 75 74 75 -7557 75 74 75 75 74 72 72 70 -9999
