data/fwi_grid_demo/ffmc_20190120.txt
ncols 177
nrows 174
xllcorner  1436301.375
yllcorner    4916704.5
cellsize 1500
NODATA_value -9999
[rows 80 to 119 of 174, columns 0 to 90 of 177]
-9999 -9999 -9999 -9999 -9999 -9999 -9999 -9999 -9999 -9999 -9999 -9999 -9999 -9999 -9999 -9999 -9999 -9999 -9999 -9999 -9999 -9999 -9999 -9999 -9999 -9999 82 81 81 80 80 79 78 78 78 77 77 76 75 75 74 74 74 73 73 73 73 73 72 73 73 73 72 72 72 71 69 68 67 65 65 63 61 61 61 61 62 62 62 61 61 60 59 60 61 60 62 63 65 66 68 69 70 70 70 70 71 72 72 70 70
-9999 -9999 -9999 -9999 -9999 -9999 -9999 -9999 -9999 -9999 -9999 -9999 -9999 -9999 -9999 -9999 -9999 -9999 -9999 -9999 -9999 -9999 -9999 -9999 -9999 -9999 82 82 81 81 80 79 78 79 79 78 78 76 76 75 75 74 73 73 73 73 73 72 72 74 73 73 72 72 72 71 69 68 66 66 64 63 62 62 62 63 63 63 59 62 60 60 58 60 61 61 61 63 65 66 68 69 70 70 72 70 72 70 70 70 67
-9999 -9999 -9999 -9999 -9999 -9999 -9999 -9999 -9999 -9999 -9999 -9999 -9999 -9999 -9999 -9999 -9999 -9999 -9999 -9999 -9999 -9999 -9999 -9999 -9999 -9999 82 82 82 81 81 80 80 80 79 78 77 77 76 75 75 74 73 74 74 73 72 72 72 73 72 72 72 72 72 70 70 67 65 65 63 63 63 63 63 63 63 64 63 62 61 59 60 60 61 61 62 63 65 67 68 70 72 73 72 72 72 71 70 69 67
-9999 -9999 -9999 -9999 -9999 -9999 -9999 -9999 -9999 -9999 -9999 -9999 -9999 -9999 -9999 -9999 -9999 -9999 -9999 -9999 -9999 -9999 -9999 -9999 -9999 82 82 82 82 82 81 80 80 80 79 78 77 76 77 76 75 75 74 74 74 74 73 72 72 72 72 72 72 72 70 70 69 66 65 63 62 62 62 62 63 63 63 63 63 59 61 59 59 60 60 61 62 64 66 67 70 71 74 74 73 73 72 71 70 67 65
-9999 -9999 -9999 -9999 -9999 -9999 -9999 -9999 -9999 -9999 -9999 -9999 -9999 -9999 -9999 -9999 -9999 -9999 -9999 -9999 -9999 -9999 -9999 -9999 -9999 -9999 82 82 82 82 81 81 80 80 78 78 78 77 76 77 76 75 74 73 74 74 72 72 71 72 71 71 70 71 69 69 68 67 64 62 62 62 62 62 63 63 63 63 63 61 60 59 58 59 59 60 61 63 66 68 72 73 74 75 75 74 71 70 67 65 64
-9999 -9999 -9999 -9999 -9999 -9999 -9999 -9999 -9999 -9999 -9999 -9999 -9999 -9999 -9999 -9999 -9999 -9999 -9999 -9999 -9999 -9999 -9999 -9999 -9999 -9999 -9999 82 82 82 81 81 80 80 80 79 79 78 77 76 77 75 75 74 74 73 72 71 71 71 71 71 69 69 68 68 66 66 65 62 61 62 62 62 62 62 63 62 61 61 57 54 57 58 58 59 61 63 66 70 72 74 74 76 75 73 72 68 66 65 63
-9999 -9999 -9999 -9999 -9999 -9999 -9999 -9999 -9999 -9999 -9999 -9999 -9999 -9999 -9999 -9999 -9999 -9999 -9999 -9999 -9999 -9999 -9999 -9999 -9999 -9999 -9999 82 82 82 82 81 80 80 79 79 78 79 77 77 77 76 75 75 74 74 73 71 70 71 69 69 68 67 67 66 65 64 63 63 61 61 62 62 62 61 61 61 60 60 59 56 57 57 59 61 62 65 69 72 73 75 77 75 74 73 71 69 65 63 62
-9999 -9999 -9999 -9999 -9999 -9999 -9999 -9999 -9999 -9999 -9999 -9999 -9999 -9999 -9999 -9999 -9999 -9999 -9999 -9999 -9999 -9999 -9999 -9999 -9999 -9999 -9999 82 82 82 82 81 81 80 80 79 79 79 78 77 77 76 75 75 73 73 72 70 69 69 68 67 66 66 65 63 63 62 62 59 60 60 60 61 60 60 60 59 59 59 57 56 57 58 59 61 65 68 70 72 75 77 76 76 74 73 71 68 66 63 61
-9999 -9999 -9999 -9999 -9999 -9999 -9999 -9999 -9999 -9999 -9999 -9999 -9999 -9999 -9999 -9999 -9999 -9999 -9999 -9999 -9999 -9999 -9999 -9999 -9999 -9999 -9999 82 82 82 82 82 81 81 80 79 79 79 79 78 77 77 76 75 73 73 71 69 68 68 68 66 65 63 63 63 61 61 61 59 59 59 59 59 59 58 59 59 59 58 57 57 57 59 62 64 66 69 71 73 75 77 77 76 74 72 70 66 64 62 60
-9999 -9999 -9999 -9999 -9999 -9999 -9999 -9999 -9999 -9999 -9999 -9999 -9999 -9999 -9999 -9999 -9999 -9999 -9999 -9999 -9999 -9999 -9999 -9999 -9999 -9999 -9999 82 82 82 82 82 81 81 81 80 79 79 79 77 77 77 75 75 74 72 71 69 68 67 66 65 64 63 63 62 61 60 60 59 58 58 58 59 58 58 57 57 58 58 58 58 60 62 63 65 68 70 72 75 77 76 76 75 74 71 68 65 63 60 59
-9999 -9999 -9999 -9999 -9999 -9999 -9999 -9999 -9999 -9999 -9999 -9999 -9999 -9999 -9999 -9999 -9999 -9999 -9999 -9999 -9999 -9999 -9999 -9999 -9999 -9999 -9999 -9999 82 82 82 82 82 82 81 81 80 79 79 77 77 77 75 75 73 72 70 69 67 66 64 63 62 60 60 61 59 59 59 57 60 57 57 57 56 56 57 57 58 59 59 61 61 63 65 68 69 71 74 75 76 76 75 73 72 70 67 65 62 59 58
-9999 -9999 -9999 -9999 -9999 -9999 -9999 -9999 -9999 -9999 -9999 -9999 -9999 -9999 -9999 -9999 -9999 -9999 -9999 -9999 -9999 -9999 -9999 -9999 -9999 -9999 -9999 -9999 82 82 82 82 82 82 81 81 81 79 79 78 77 76 75 73 73 70 68 67 66 64 64 63 63 62 61 59 58 59 57 58 58 56 56 56 56 57 58 58 59 59 61 62 63 64 67 68 71 74 75 75 74 75 74 73 71 69 66 64 61 59 58
-9999 -9999 -9999 -9999 -9999 -9999 -9999 -9999 -9999 -9999 -9999 -9999 -9999 -9999 -9999 -9999 -9999 -9999 -9999 -9999 -9999 -9999 -9999 -9999 -9999 -9999 -9999 -9999 82 82 82 82 82 82 81 81 81 78 78 77 76 75 74 73 70 68 67 64 65 63 63 62 61 60 60 58 58 56 56 57 56 55 55 55 57 57 59 59 60 61 62 62 64 66 67 70 73 74 73 73 74 74 73 71 69 67 64 62 60 58 58
-9999 -9999 -9999 -9999 -9999 -9999 -9999 -9999 -9999 -9999 -9999 -9999 -9999 -9999 -9999 -9999 -9999 -9999 -9999 -9999 -9999 -9999 -9999 -9999 -9999 -9999 -9999 -9999 -9999 -9999 82 82 81 81 81 81 79 78 78 76 76 74 73 72 69 67 65 63 64 62 62 62 61 60 60 58 56 56 56 54 54 54 56 56 57 59 60 60 61 62 64 65 65 69 70 72 72 71 72 73 72 71 71 69 67 65 63 61 59 58 56
-9999 -9999 -9999 -9999 -9999 -9999 -9999 -9999 -9999 -9999 -9999 -9999 -9999 -9999 -9999 -9999 -9999 -9999 -9999 -9999 -9999 -9999 -9999 -9999 -9999 -9999 -9999 -9999 -9999 -9999 -9999 -9999 81 81 81 79 78 78 77 76 75 74 72 70 68 66 64 63 63 61 62 61 60 60 59 55 55 53 53 53 54 54 55 57 59 59 62 62 63 65 66 67 69 69 71 71 69 70 70 70 70 70 69 68 66 64 61 60 58 57 56
-9999 -9999 -9999 -9999 -9999 -9999 -9999 -9999 -9999 -9999 -9999 -9999 -9999 -9999 -9999 -9999 -9999 -9999 -9999 -9999 -9999 -9999 -9999 -9999 -9999 -9999 -9999 -9999 -9999 -9999 -9999 -9999 82 80 78 78 78 77 76 75 74 73 71 69 67 65 62 63 61 62 61 60 60 59 58 55 54 52 52 53 54 55 57 58 60 61 62 64 65 65 69 69 69 70 69 67 68 67 67 67 67 67 66 65 63 63 60 58 57 57 56
-9999 -9999 -9999 -9999 -9999 -9999 -9999 -9999 -9999 -9999 -9999 -9999 -9999 -9999 -9999 -9999 -9999 -9999 -9999 -9999 -9999 -9999 -9999 -9999 -9999 -9999 -9999 -9999 -9999 -9999 -9999 -9999 80 79 78 78 77 76 75 74 73 71 70 67 66 64 61 63 60 61 60 60 59 59 58 56 54 52 52 53 54 56 58 60 62 63 64 64 66 69 69 69 69 67 66 65 63 64 63 63 63 62 63 62 60 60 59 58 57 56 56
-9999 -9999 -9999 -9999 -9999 -9999 -9999 -9999 -9999 -9999 -9999 -9999 -9999 -9999 -9999 -9999 -9999 -9999 -9999 -9999 -9999 -9999 -9999 -9999 -9999 -9999 -9999 -9999 -9999 -9999 -9999 -9999 -9999 78 77 76 76 75 74 72 71 69 67 66 64 62 62 61 60 58 58 56 56 57 56 56 55 52 52 54 55 57 59 61 63 64 65 66 70 69 69 68 67 64 62 61 61 60 59 60 59 58 58 59 58 57 57 57 57 56 56
-9999 -9999 -9999 -9999 -9999 -9999 -9999 -9999 -9999 -9999 -9999 -9999 -9999 -9999 -9999 -9999 -9999 -9999 -9999 -9999 -9999 -9999 -9999 -9999 -9999 -9999 -9999 -9999 -9999 -9999 -9999 -9999 -9999 77 77 75 74 73 72 71 69 68 65 65 62 62 59 61 60 58 55 54 53 53 53 51 53 53 52 54 56 58 60 62 63 65 66 66 69 67 66 64 63 61 59 59 58 56 56 56 55 55 55 55 56 56 57 56 56 57 56
-9999 -9999 -9999 -9999 -9999 -9999 -9999 -9999 -9999 -9999 -9999 -9999 -9999 -9999 -9999 -9999 -9999 -9999 -9999 -9999 -9999 -9999 -9999 -9999 -9999 -9999 -9999 -9999 -9999 -9999 -9999 -9999 -9999 -9999 75 73 72 71 71 68 68 66 64 63 61 60 59 57 56 55 54 53 52 52 51 51 52 51 52 55 56 58 61 62 64 65 66 66 64 64 63 61 60 58 56 56 53 53 53 52 51 52 52 52 54 55 56 56 57 56 57
-9999 -9999 -9999 -9999 -9999 -9999 -9999 -9999 -9999 -9999 -9999 -9999 -9999 -9999 -9999 -9999 -9999 -9999 -9999 -9999 -9999 -9999 -9999 -9999 -9999 -9999 -9999 -9999 -9999 -9999 -9999 -9999 -9999 -9999 73 72 70 69 68 67 66 64 63 61 60 59 58 57 56 55 54 53 52 51 51 51 51 52 52 55 56 58 60 63 64 64 63 64 63 62 60 58 57 55 53 53 51 50 50 50 49 49 50 50 53 53 55 55 56 58 58
-9999 -9999 -9999 -9999 -9999 -9999 -9999 -9999 -9999 -9999 -9999 -9999 -9999 -9999 -9999 -9999 -9999 -9999 -9999 -9999 -9999 -9999 -9999 -9999 -9999 -9999 -9999 -9999 -9999 -9999 79 -9999 -9999 75 72 70 68 66 65 65 64 62 62 60 60 58 57 57 56 54 54 53 52 51 51 51 51 51 53 54 55 58 60 60 63 62 62 62 61 60 59 56 54 52 51 50 49 47 47 47 48 48 48 49 50 53 55 55 56 57 58
-9999 -9999 -9999 -9999 -9999 -9999 -9999 -9999 -9999 -9999 -9999 -9999 -9999 -9999 -9999 -9999 -9999 -9999 -9999 -9999 -9999 -9999 -9999 -9999 -9999 -9999 -9999 -9999 80 80 79 77 76 74 71 68 65 64 63 62 62 61 60 59 58 57 56 56 55 54 53 52 53 51 51 50 50 51 52 55 56 57 59 59 60 60 60 60 59 58 55 55 52 50 49 48 47 46 46 46 47 47 48 49 50 53 54 56 58 58 59
-9999 -9999 -9999 -9999 -9999 -9999 -9999 -9999 -9999 -9999 -9999 -9999 -9999 -9999 -9999 -9999 -9999 -9999 -9999 -9999 -9999 -9999 80 -9999 -9999 -9999 -9999 -9999 -9999 -9999 78 76 75 73 71 67 65 63 60 60 61 60 59 59 57 56 55 55 55 54 53 52 51 50 50 49 50 51 50 53 54 55 57 58 58 59 59 57 57 55 55 54 50 48 48 47 46 45 45 45 46 47 48 49 51 54 56 57 57 58 59
-9999 -9999 -9999 -9999 -9999 -9999 -9999 -9999 -9999 -9999 -9999 -9999 -9999 -9999 -9999 -9999 -9999 -9999 80 80 80 80 80 -9999 -9999 -9999 -9999 -9999 -9999 79 78 76 75 73 70 68 64 62 60 60 60 59 59 58 57 55 55 54 54 54 53 51 50 49 48 48 49 49 50 52 53 54 57 57 56 57 56 57 56 55 53 52 49 47 47 46 46 46 46 45 46 47 49 51 54 55 58 59 58 58 58
-9999 -9999 -9999 -9999 -9999 -9999 -9999 -9999 -9999 -9999 -9999 -9999 -9999 -9999 -9999 -9999 -9999 -9999 80 80 80 80 80 80 -9999 -9999 -9999 -9999 80 79 78 76 75 73 71 69 66 62 58 58 58 59 58 58 57 56 56 54 53 53 53 52 50 49 48 48 48 48 49 50 52 53 55 56 55 56 55 54 54 54 53 51 49 48 46 47 46 46 46 47 48 49 50 52 55 57 59 59 59 60 59
-9999 -9999 -9999 -9999 -9999 -9999 -9999 -9999 -9999 -9999 -9999 -9999 -9999 -9999 -9999 -9999 -9999 -9999 79 79 80 80 80 80 80 -9999 -9999 -9999 80 79 78 76 75 73 71 69 66 63 60 57 58 58 58 57 57 56 55 53 53 52 51 50 49 48 47 47 47 47 47 50 51 53 54 55 55 54 54 53 53 53 52 51 50 48 47 48 47 48 48 49 49 51 52 54 57 59 61 60 60 60 60
-9999 -9999 -9999 -9999 -9999 -9999 -9999 -9999 -9999 -9999 -9999 -9999 -9999 -9999 -9999 -9999 -9999 79 79 79 79 80 80 80 80 -9999 -9999 80 80 79 78 77 75 74 72 70 67 64 61 58 58 58 57 57 56 56 54 53 52 52 50 49 48 47 47 47 47 47 48 49 50 51 52 54 55 53 53 53 54 52 53 52 51 49 50 49 48 48 49 50 51 53 54 57 59 61 60 62 62 62 61
-9999 -9999 -9999 -9999 -9999 -9999 -9999 -9999 -9999 -9999 -9999 -9999 -9999 -9999 -9999 -9999 -9999 79 79 79 79 79 79 79 79 80 80 80 80 79 78 77 75 74 73 71 68 66 62 59 56 59 58 56 56 55 54 53 52 51 50 48 47 46 46 46 47 47 49 49 50 51 53 57 56 54 53 54 54 54 54 53 54 52 52 51 50 51 51 52 54 56 58 59 60 61 63 64 62 62 63
-9999 -9999 -9999 -9999 -9999 -9999 -9999 -9999 -9999 -9999 -9999 -9999 -9999 -9999 -9999 -9999 -9999 -9999 79 79 79 79 79 79 79 79 79 79 79 79 79 78 77 75 74 72 70 67 63 61 57 55 57 58 56 54 54 52 51 49 48 47 46 45 45 46 47 48 48 50 51 52 55 57 57 56 54 55 55 56 56 56 56 55 54 54 54 54 54 55 57 58 60 61 63 62 64 63 63 63 62
-9999 -9999 -9999 -9999 -9999 -9999 -9999 -9999 -9999 -9999 -9999 -9999 -9999 -9999 -9999 -9999 -9999 -9999 79 79 79 79 79 79 79 79 79 79 79 79 79 78 78 76 74 73 70 69 65 62 59 56 55 57 55 54 53 51 50 48 48 46 46 45 45 46 47 48 50 52 52 53 58 57 59 60 58 56 58 58 60 60 59 58 56 56 55 55 55 56 57 58 60 61 63 62 63 66 63 62 62
-9999 -9999 -9999 -9999 -9999 -9999 -9999 -9999 -9999 -9999 -9999 -9999 -9999 -9999 -9999 -9999 -9999 -9999 78 79 79 79 79 79 79 79 79 79 79 79 79 79 78 77 76 73 72 70 68 64 60 58 56 54 51 53 51 50 50 49 47 46 45 45 46 46 48 49 52 54 56 59 60 60 61 65 65 66 63 63 64 66 63 62 59 57 57 56 53 55 55 56 58 60 60 61 64 65 63 62 62
-9999 -9999 -9999 -9999 -9999 -9999 -9999 -9999 -9999 -9999 -9999 -9999 -9999 -9999 -9999 -9999 -9999 -9999 -9999 79 79 79 79 79 79 79 79 79 79 79 79 79 78 78 76 74 73 71 69 67 62 59 57 54 52 52 51 50 48 48 46 46 46 46 45 47 50 51 54 57 59 63 65 67 68 67 69 70 69 67 68 68 65 63 61 59 56 55 54 53 54 55 56 58 59 61 63 63 62 61 60
-9999 -9999 -9999 -9999 -9999 -9999 -9999 -9999 -9999 -9999 -9999 -9999 -9999 -9999 -9999 -9999 -9999 -9999 78 78 79 79 79 79 79 79 79 79 79 79 79 79 78 78 76 75 73 72 71 68 65 61 59 55 53 50 49 49 47 46 46 46 45 45 47 48 50 52 56 59 62 68 69 70 71 71 71 71 73 73 71 70 67 66 61 61 56 54 53 52 52 53 56 57 58 59 61 62 60 60 58
-9999 -9999 -9999 -9999 -9999 -9999 -9999 -9999 -9999 -9999 -9999 -9999 -9999 -9999 -9999 -9999 -9999 -9999 -9999 78 78 78 78 78 79 79 79 79 79 79 78 78 78 78 76 75 74 72 71 69 67 61 58 55 53 52 49 48 47 45 47 48 46 46 48 50 52 55 58 62 65 71 72 73 74 75 74 73 73 74 74 73 71 68 64 59 56 54 52 51 51 52 54 57 58 58 58 59 60 58 57
-9999 -9999 -9999 -9999 -9999 -9999 -9999 -9999 -9999 -9999 -9999 -9999 -9999 -9999 -9999 -9999 -9999 -9999 -9999 -9999 78 78 78 78 79 78 78 78 78 78 78 78 78 78 76 76 74 72 71 68 66 65 59 56 53 52 49 48 46 46 51 52 46 50 49 51 55 58 61 65 68 72 73 73 74 75 75 75 73 74 74 74 72 71 64 60 57 55 53 51 51 52 55 57 56 58 57 57 58 57 55
-9999 -9999 -9999 -9999 -9999 -9999 -9999 -9999 -9999 -9999 -9999 -9999 -9999 -9999 -9999 -9999 -9999 -9999 -9999 78 78 78 78 78 78 78 78 78 78 78 78 78 78 77 76 75 74 72 70 68 66 64 61 58 54 52 50 49 48 46 46 47 48 48 51 54 57 60 64 68 71 73 74 73 73 74 75 75 76 75 73 74 73 71 67 63 59 56 54 53 53 54 56 57 56 56 56 56 56 54 54
-9999 -9999 -9999 -9999 -9999 -9999 -9999 -9999 -9999 -9999 -9999 -9999 -9999 -9999 -9999 -9999 -9999 -9999 -9999 78 78 78 78 78 78 78 78 78 78 78 78 78 78 77 76 74 73 71 70 67 66 64 61 59 57 55 53 51 48 48 49 48 49 51 54 57 60 63 68 69 73 73 73 74 74 74 73 74 75 74 74 73 74 70 68 66 63 61 58 56 56 56 57 59 58 56 56 56 56 54 51
-9999 -9999 -9999 -9999 -9999 -9999 -9999 -9999 -9999 -9999 -9999 -9999 -9999 -9999 -9999 -9999 -9999 -9999 -9999 -9999 -9999 78 78 78 78 78 78 78 78 78 78 77 77 76 75 73 72 70 68 66 65 63 61 59 58 56 53 52 50 49 49 50 52 54 56 59 63 65 69 71 72 74 73 73 73 73 73 73 73 73 73 73 73 71 70 68 65 62 61 60 59 58 59 60 60 58 58 57 56 54 52
-9999 -9999 -9999 -9999 -9999 -9999 -9999 -9999 -9999 -9999 -9999 -9999 -9999 -9999 -9999 -9999 -9999 -9999 -9999 -9999 -9999 78 78 78 78 78 78 78 78 78 77 77 76 75 74 72 71 69 66 65 64 61 59 59 57 54 52 52 50 51 51 53 54 57 59 62 64 68 71 72 73 73 73 73 73 73 73 73 73 73 73 73 73 71 71 69 68 65 63 63 63 63 62 63 60 61 60 58 58 56 -9999
